FoamFile
{
    version     2.0;
    format      ascii;
    class       faceList;
    location    "constant/polyMesh";
    object      faces;
}

4275      
(
4(490 290 936 1136)
4(157 460 1106 803)
4(134 327 973 780)
4(562 603 1249 1208)
4(535 578 1224 1181)
4(473 560 1206 1119)
4(318 339 985 964)
4(102 201 847 748)
4(12 217 863 658)
4(19 242 888 665)
4(29 398 1044 675)
4(41 632 1278 687)
4(324 14 660 970)
4(61 223 869 707)
4(314 59 705 960)
4(324 13 659 970)
4(323 13 659 969)
4(12 323 969 658)
4(420 56 702 1066)
4(35 260 906 681)
4(16 336 982 662)
4(38 511 1157 684)
4(73 629 1275 719)
4(79 506 1152 725)
4(205 72 718 851)
4(71 205 851 717)
4(68 303 949 714)
4(301 68 714 947)
4(645 373 1019 1291)
4(64 645 1291 710)
4(373 64 710 1019)
4(314 58 704 960)
4(58 310 956 704)
4(420 55 701 1066)
4(55 422 1068 701)
4(237 52 698 883)
4(46 230 876 692)
4(44 480 1126 690)
4(481 44 690 1127)
4(43 168 814 689)
4(480 43 689 1126)
4(42 632 1278 688)
4(168 42 688 814)
4(170 41 687 816)
4(39 511 1157 685)
4(123 32 678 769)
4(32 549 1195 678)
4(634 29 675 1280)
4(22 299 945 668)
4(568 22 668 1214)
4(299 21 667 945)
4(554 19 665 1200)
4(2 82 728 648)
4(80 2 648 726)
4(79 579 1225 725)
4(77 505 1151 723)
4(630 77 723 1276)
4(612 74 720 1258)
4(640 70 716 1286)
4(69 301 947 715)
4(478 69 715 1124)
4(66 370 1016 712)
4(383 66 712 1029)
4(65 373 1019 711)
4(370 65 711 1016)
4(405 61 707 1051)
4(492 53 699 1138)
4(52 235 881 698)
4(235 53 699 881)
4(332 50 696 978)
4(49 628 1274 695)
4(461 49 695 1107)
4(45 481 1127 691)
4(641 45 691 1287)
4(39 631 1277 685)
4(638 30 676 1284)
4(29 247 893 675)
4(247 30 676 893)
4(27 442 1088 673)
4(643 27 673 1289)
4(633 24 670 1279)
4(23 568 1214 669)
4(569 23 669 1215)
4(19 300 946 665)
4(437 14 660 1083)
4(14 436 1082 660)
4(10 467 1113 656)
4(639 10 656 1285)
4(8 198 844 654)
4(270 8 654 916)
4(642 4 650 1288)
4(3 80 726 649)
4(556 3 649 1202)
4(0 579 1225 646)
4(631 41 687 1277)
4(40 631 1277 686)
4(300 21 667 946)
4(20 300 946 666)
4(644 61 707 1290)
4(60 644 1290 706)
4(63 221 867 709)
4(645 63 709 1291)
4(645 221 867 1291)
4(545 645 1291 1191)
4(221 545 1191 867)
4(5 642 1288 651)
4(404 5 651 1050)
4(555 610 1256 1201)
4(349 25 671 995)
4(630 505 1151 1276)
4(270 198 844 916)
4(282 560 1206 928)
4(467 9 655 1113)
4(76 636 1282 722)
4(639 467 1113 1285)
4(554 18 664 1200)
4(18 334 980 664)
4(584 438 1084 1230)
4(28 643 1289 674)
4(634 28 674 1280)
4(522 34 680 1168)
4(34 124 770 680)
4(637 16 662 1283)
4(618 581 1227 1264)
4(638 247 893 1284)
4(640 475 1121 1286)
4(36 260 906 682)
4(91 263 909 737)
4(565 420 1066 1211)
4(421 565 1211 1067)
4(37 510 1156 683)
4(510 38 684 1156)
4(383 370 1016 1029)
4(56 565 1211 702)
4(566 56 702 1212)
4(599 361 1007 1245)
4(48 158 804 694)
4(628 48 694 1274)
4(607 641 1287 1253)
4(481 607 1253 1127)
4(641 481 1127 1287)
4(505 625 1271 1151)
4(510 627 1273 1156)
4(554 334 980 1200)
4(492 235 881 1138)
4(478 301 947 1124)
4(267 269 915 913)
4(467 271 917 1113)
4(535 377 1023 1181)
4(447 387 1033 1093)
4(521 439 1085 1167)
4(622 240 886 1268)
4(526 528 1174 1172)
4(603 526 1172 1249)
4(560 283 929 1206)
4(482 560 1206 1128)
4(111 624 1270 757)
4(626 514 1160 1272)
4(535 147 793 1181)
4(634 643 1289 1280)
4(626 233 879 1272)
4(132 433 1079 778)
4(346 139 785 992)
4(47 230 876 693)
4(158 47 693 804)
4(121 264 910 767)
4(590 585 1231 1236)
4(474 539 1185 1120)
4(560 474 1120 1206)
4(544 624 1270 1190)
4(624 129 775 1270)
4(368 409 1055 1014)
4(26 349 995 672)
4(442 26 672 1088)
4(181 403 1049 827)
4(6 410 1056 652)
4(54 492 1138 700)
4(422 54 700 1068)
4(574 133 779 1220)
4(540 107 753 1186)
4(563 604 1250 1209)
4(483 573 1219 1129)
4(573 515 1161 1219)
4(346 213 859 992)
4(142 346 992 788)
4(605 329 975 1251)
4(329 113 759 975)
4(166 466 1112 812)
4(17 336 982 663)
4(334 17 663 980)
4(76 625 1271 722)
4(625 77 723 1271)
4(36 627 1273 682)
4(627 37 683 1273)
4(263 286 932 909)
4(596 226 872 1242)
4(224 596 1242 870)
4(513 626 1272 1159)
4(172 389 1035 818)
4(609 447 1093 1255)
4(443 609 1255 1089)
4(592 365 1011 1238)
4(433 133 779 1079)
4(267 186 832 913)
4(187 267 913 833)
4(526 562 1208 1172)
4(525 544 1190 1171)
4(359 601 1247 1005)
4(617 359 1005 1263)
4(534 553 1199 1180)
4(580 534 1180 1226)
4(553 580 1226 1199)
4(161 472 1118 807)
4(508 594 1240 1154)
4(449 508 1154 1095)
4(608 443 1089 1254)
4(602 477 1123 1248)
4(71 640 1286 717)
4(204 71 717 850)
4(580 557 1203 1226)
4(11 639 1285 657)
4(399 155 801 1045)
4(31 638 1284 677)
4(549 31 677 1195)
4(318 340 986 964)
4(619 389 1035 1265)
4(615 619 1265 1261)
4(408 613 1259 1054)
4(613 407 1053 1259)
4(531 532 1178 1177)
4(356 531 1177 1002)
4(434 530 1176 1080)
4(563 603 1249 1209)
4(623 563 1209 1269)
4(111 114 760 757)
4(275 484 1130 921)
4(644 59 705 1290)
4(405 644 1290 1051)
4(59 405 1051 705)
4(86 575 1221 732)
4(532 529 1175 1178)
4(295 532 1178 941)
4(529 295 941 1175)
4(552 550 1196 1198)
4(550 551 1197 1196)
4(356 358 1004 1002)
4(123 549 1195 769)
4(287 203 849 933)
4(74 629 1275 720)
4(611 74 720 1257)
4(11 635 1281 657)
4(635 12 658 1281)
4(352 146 792 998)
4(434 586 1232 1080)
4(440 119 765 1086)
4(219 604 1250 865)
4(606 219 865 1252)
4(447 390 1036 1093)
4(608 471 1117 1254)
4(559 293 939 1205)
4(520 559 1205 1166)
4(397 643 1289 1043)
4(643 442 1088 1289)
4(115 208 854 761)
4(209 115 761 855)
4(372 572 1218 1018)
4(621 382 1028 1267)
4(410 198 844 1056)
4(7 410 1056 653)
4(198 7 653 844)
4(381 470 1116 1027)
4(453 507 1153 1099)
4(464 169 815 1110)
4(337 415 1061 983)
4(586 530 1176 1232)
4(428 586 1232 1074)
4(530 428 1074 1176)
4(507 455 1101 1153)
4(642 610 1256 1288)
4(404 642 1288 1050)
4(546 421 1067 1192)
4(633 583 1229 1279)
4(150 513 1159 796)
4(627 260 906 1273)
4(625 636 1282 1271)
4(482 283 929 1128)
4(283 611 1257 929)
4(336 637 1283 982)
4(436 324 970 1082)
4(46 641 1287 692)
4(160 46 692 806)
4(641 160 806 1287)
4(621 386 1032 1267)
4(302 621 1267 948)
4(640 476 1122 1286)
4(204 640 1286 850)
4(478 488 1134 1124)
4(639 216 862 1285)
4(635 639 1285 1281)
4(216 635 1281 862)
4(247 398 1044 893)
4(638 248 894 1284)
4(549 638 1284 1195)
4(398 634 1280 1044)
4(50 461 1107 696)
4(331 50 696 977)
4(51 332 978 697)
4(237 51 697 883)
4(332 237 883 978)
4(383 371 1017 1029)
4(371 382 1028 1017)
4(382 302 948 1028)
4(313 222 868 959)
4(567 417 1063 1213)
4(104 455 1101 750)
4(572 427 1073 1218)
4(517 572 1218 1163)
4(570 368 1014 1216)
4(24 569 1215 670)
4(583 24 670 1229)
4(569 583 1229 1215)
4(546 423 1069 1192)
4(619 180 826 1265)
4(4 556 1202 650)
4(610 4 650 1256)
4(556 610 1256 1202)
4(522 124 770 1168)
4(607 144 790 1253)
4(611 629 1275 1257)
4(482 611 1257 1128)
4(402 6 652 1048)
4(5 402 1048 651)
4(385 371 1017 1031)
4(459 637 1283 1105)
4(504 260 906 1150)
4(480 168 814 1126)
4(636 281 927 1282)
4(489 636 1282 1135)
4(168 632 1278 814)
4(452 507 1153 1098)
4(505 452 1098 1151)
4(568 299 945 1214)
4(244 415 1061 890)
4(417 244 890 1063)
4(463 169 815 1109)
4(510 463 1109 1156)
4(435 637 1283 1081)
4(15 437 1083 661)
4(637 15 661 1283)
4(437 637 1283 1083)
4(75 612 1258 721)
4(636 75 721 1282)
4(612 636 1282 1258)
4(35 522 1168 681)
4(262 35 681 908)
4(451 549 1195 1097)
4(217 635 1281 863)
4(635 214 860 1281)
4(461 628 1274 1107)
4(628 460 1106 1274)
4(582 583 1229 1228)
4(567 571 1217 1213)
4(583 567 1213 1229)
4(373 545 1191 1019)
4(414 221 867 1060)
4(310 57 703 956)
4(566 310 956 1212)
4(57 566 1212 703)
4(565 546 1192 1211)
4(404 610 1256 1050)
4(104 555 1201 750)
4(604 623 1269 1250)
4(623 289 935 1269)
4(634 397 1043 1280)
4(395 634 1280 1041)
4(500 271 917 1146)
4(500 576 1222 1146)
4(488 301 947 1134)
4(582 367 1013 1228)
4(25 633 1279 671)
4(582 25 671 1228)
4(633 582 1228 1279)
4(632 170 816 1278)
4(167 632 1278 813)
4(631 511 1157 1277)
4(170 631 1277 816)
4(78 630 1276 724)
4(506 78 724 1152)
4(630 506 1152 1276)
4(579 506 1152 1225)
4(81 506 1152 727)
4(579 81 727 1225)
4(300 242 888 946)
4(337 244 890 983)
4(482 629 1275 1128)
4(629 287 933 1275)
4(602 487 1133 1248)
4(488 541 1187 1134)
4(302 386 1032 948)
4(134 136 782 780)
4(628 158 804 1274)
4(157 628 1274 803)
4(559 494 1140 1205)
4(323 217 863 969)
4(518 516 1162 1164)
4(451 280 926 1097)
4(501 249 895 1147)
4(249 580 1226 895)
4(394 381 1027 1040)
4(345 620 1266 991)
4(470 615 1261 1116)
4(577 253 899 1223)
4(479 622 1268 1125)
4(607 479 1125 1253)
4(622 607 1253 1268)
4(327 352 998 973)
4(547 196 842 1193)
4(597 86 732 1243)
4(86 339 985 732)
4(596 318 964 1242)
4(316 596 1242 962)
4(183 455 1101 829)
4(617 175 821 1263)
4(599 512 1158 1245)
4(330 333 979 976)
4(237 330 976 883)
4(606 604 1250 1252)
4(200 329 975 846)
4(597 224 870 1243)
4(578 597 1243 1224)
4(136 327 973 782)
4(229 400 1046 875)
4(465 286 932 1111)
4(588 280 926 1234)
4(280 154 800 926)
4(257 487 1133 903)
4(487 254 900 1133)
4(258 255 901 904)
4(380 258 904 1026)
4(613 416 1062 1259)
4(321 348 994 967)
4(88 321 967 734)
4(241 285 931 887)
4(586 587 1233 1232)
4(594 429 1075 1240)
4(469 130 776 1115)
4(620 343 989 1266)
4(593 592 1238 1239)
4(364 590 1236 1010)
4(409 570 1216 1055)
4(417 409 1055 1063)
4(368 595 1241 1014)
4(118 368 1014 764)
4(240 284 930 886)
4(241 347 993 887)
4(592 552 1198 1238)
4(618 592 1238 1264)
4(552 618 1264 1198)
4(485 233 879 1131)
4(581 485 1131 1227)
4(189 614 1260 835)
4(614 97 743 1260)
4(259 201 847 905)
4(199 576 1222 845)
4(576 271 917 1222)
4(467 500 1146 1113)
4(578 224 870 1224)
4(224 376 1022 870)
4(430 448 1094 1076)
4(609 444 1090 1255)
4(553 533 1179 1199)
4(295 553 1199 941)
4(533 295 941 1179)
4(109 159 805 755)
4(599 406 1052 1245)
4(302 541 1187 948)
4(541 301 947 1187)
4(475 488 1134 1121)
4(523 290 936 1169)
4(495 623 1269 1141)
4(623 603 1249 1269)
4(509 141 787 1155)
4(594 212 858 1240)
4(151 148 794 797)
4(537 575 1221 1183)
4(575 536 1182 1221)
4(307 196 842 953)
4(196 309 955 842)
4(196 95 741 842)
4(390 387 1033 1036)
4(447 538 1184 1093)
4(526 564 1210 1172)
4(504 463 1109 1150)
4(627 504 1150 1273)
4(463 627 1273 1109)
4(114 624 1270 760)
4(564 114 760 1210)
4(112 380 1026 758)
4(436 325 971 1082)
4(325 439 1085 971)
4(151 503 1149 797)
4(626 485 1131 1272)
4(483 626 1272 1129)
4(169 466 1112 815)
4(466 167 813 1112)
4(480 166 812 1126)
4(346 140 786 992)
4(140 187 833 786)
4(102 259 905 748)
4(496 365 1011 1142)
4(308 509 1155 954)
4(509 307 953 1155)
4(450 444 1090 1096)
4(171 454 1100 817)
4(454 616 1262 1100)
4(489 452 1098 1135)
4(625 489 1135 1271)
4(452 625 1271 1098)
4(154 548 1194 800)
4(588 154 800 1234)
4(548 148 794 1194)
4(161 164 810 807)
4(164 95 741 810)
4(482 287 933 1128)
4(287 206 852 933)
4(163 472 1118 809)
4(322 224 870 968)
4(376 322 968 1022)
4(322 374 1020 968)
4(493 521 1167 1139)
4(521 325 971 1167)
4(520 585 1231 1166)
4(585 521 1167 1231)
4(572 543 1189 1218)
4(255 125 771 901)
4(355 430 1076 1001)
4(105 136 782 751)
4(540 105 751 1186)
4(598 540 1186 1244)
4(213 343 989 859)
4(620 187 833 1266)
4(197 577 1223 843)
4(577 199 845 1223)
4(190 252 898 836)
4(525 564 1210 1171)
4(624 525 1171 1270)
4(564 624 1270 1210)
4(528 524 1170 1174)
4(601 361 1007 1247)
4(361 598 1244 1007)
4(406 512 1158 1052)
4(512 157 803 1158)
4(524 544 1190 1170)
4(411 516 1162 1057)
4(623 424 1070 1269)
4(288 623 1269 934)
4(518 423 1069 1164)
4(527 518 1164 1173)
4(595 409 1055 1241)
4(416 408 1054 1062)
4(595 407 1053 1241)
4(459 335 981 1105)
4(336 459 1105 982)
4(396 232 878 1042)
4(215 558 1204 861)
4(499 501 1147 1145)
4(578 536 1182 1224)
4(86 578 1224 732)
4(536 86 732 1182)
4(368 119 765 1014)
4(397 442 1088 1043)
4(519 412 1058 1165)
4(315 519 1165 961)
4(516 527 1173 1162)
4(527 524 1170 1173)
4(238 144 790 884)
4(622 238 884 1268)
4(144 622 1268 790)
4(121 124 770 767)
4(279 588 1234 925)
4(589 279 925 1235)
4(542 256 902 1188)
4(254 542 1188 900)
4(384 621 1267 1030)
4(371 384 1030 1017)
4(621 371 1017 1267)
4(183 174 820 829)
4(619 183 829 1265)
4(454 174 820 1100)
4(514 503 1149 1160)
4(456 399 1045 1102)
4(396 456 1102 1042)
4(400 188 834 1046)
4(340 320 966 986)
4(338 340 986 984)
4(620 185 831 1266)
4(469 620 1266 1115)
4(342 378 1024 988)
4(378 103 749 1024)
4(195 92 738 841)
4(378 195 841 1024)
4(497 426 1072 1143)
4(426 498 1144 1072)
4(97 319 965 743)
4(265 200 846 911)
4(266 378 1024 912)
4(379 266 912 1025)
4(313 223 869 959)
4(223 405 1051 869)
4(222 315 961 868)
4(414 222 868 1060)
4(602 257 903 1248)
4(609 450 1096 1255)
4(445 509 1155 1091)
4(450 445 1091 1096)
4(430 357 1003 1076)
4(193 430 1076 839)
4(357 193 839 1003)
4(252 357 1003 898)
4(317 326 972 963)
4(326 316 962 972)
4(318 338 984 964)
4(600 431 1077 1246)
4(298 600 1246 944)
4(98 278 924 744)
4(614 306 952 1260)
4(96 614 1260 742)
4(305 329 975 951)
4(329 304 950 975)
4(304 177 823 950)
4(177 277 923 823)
4(181 394 1040 827)
4(401 181 827 1047)
4(394 401 1047 1040)
4(392 381 1027 1038)
4(577 392 1038 1223)
4(381 577 1223 1027)
4(130 229 875 776)
4(469 185 831 1115)
4(229 469 1115 875)
4(360 362 1008 1006)
4(512 361 1007 1158)
4(361 462 1108 1007)
4(171 616 1262 817)
4(172 619 1265 818)
4(619 174 820 1265)
4(146 135 781 792)
4(593 618 1264 1239)
4(207 593 1239 853)
4(618 207 853 1264)
4(618 234 880 1264)
4(209 618 1264 855)
4(178 617 1263 824)
4(617 176 822 1263)
4(617 601 1247 1263)
4(298 617 1263 944)
4(601 298 944 1247)
4(496 363 1009 1142)
4(294 497 1143 940)
4(497 291 937 1143)
4(285 87 733 931)
4(347 285 931 993)
4(87 347 993 733)
4(91 264 910 737)
4(173 616 1262 819)
4(561 616 1262 1207)
4(282 561 1207 928)
4(616 282 928 1262)
4(615 389 1035 1261)
4(391 615 1261 1037)
4(180 615 1261 826)
4(615 182 828 1261)
4(96 306 952 742)
4(268 614 1260 914)
4(269 268 914 915)
4(614 269 915 1260)
4(605 220 866 1251)
4(328 605 1251 974)
4(177 179 825 823)
4(265 379 1025 911)
4(379 112 758 1025)
4(128 380 1026 774)
4(255 128 774 901)
4(380 255 901 1026)
4(590 366 1012 1236)
4(438 591 1237 1084)
4(613 438 1084 1259)
4(591 613 1259 1237)
4(133 573 1219 779)
4(573 486 1132 1219)
4(486 275 921 1132)
4(431 297 943 1077)
4(298 431 1077 944)
4(137 600 1246 783)
4(600 540 1186 1246)
4(230 160 806 876)
4(612 611 1257 1258)
4(281 612 1258 927)
4(611 281 927 1257)
4(267 140 786 913)
4(259 202 848 905)
4(529 434 1080 1175)
4(272 529 1175 918)
4(434 272 918 1080)
4(432 586 1232 1078)
4(245 589 1235 891)
4(589 246 892 1235)
4(610 184 830 1256)
4(403 610 1256 1049)
4(402 404 1050 1048)
4(85 575 1221 731)
4(391 387 1033 1037)
4(388 387 1033 1034)
4(609 388 1034 1255)
4(387 609 1255 1033)
4(545 414 1060 1191)
4(370 373 1019 1016)
4(547 307 953 1193)
4(608 547 1193 1254)
4(608 307 953 1254)
4(445 608 1254 1091)
4(307 445 1091 953)
4(458 155 801 1104)
4(155 456 1102 801)
4(396 399 1045 1042)
4(433 276 922 1079)
4(551 425 1071 1197)
4(275 551 1197 921)
4(103 100 746 749)
4(342 103 749 988)
4(100 308 954 746)
4(587 212 858 1233)
4(587 428 1074 1233)
4(594 587 1233 1240)
4(428 594 1240 1074)
4(226 228 874 872)
4(348 227 873 994)
4(227 353 999 873)
4(160 607 1253 806)
4(607 145 791 1253)
4(143 135 781 789)
4(108 143 789 754)
4(178 606 1252 824)
4(360 606 1252 1006)
4(523 360 1006 1169)
4(606 523 1169 1252)
4(605 113 759 1251)
4(564 605 1251 1210)
4(113 564 1210 759)
4(113 200 846 759)
4(200 110 756 846)
4(568 243 889 1214)
4(327 353 999 973)
4(353 228 874 999)
4(348 353 999 994)
4(241 348 994 887)
4(93 164 810 739)
4(602 93 739 1248)
4(95 547 1193 741)
4(161 95 741 807)
4(407 591 1237 1053)
4(591 366 1012 1237)
4(211 208 854 857)
4(595 211 857 1241)
4(240 466 1112 886)
4(341 240 886 987)
4(465 341 987 1111)
4(604 289 935 1250)
4(523 604 1250 1169)
4(289 523 1169 935)
4(424 491 1137 1070)
4(288 424 1070 934)
4(495 603 1249 1141)
4(603 528 1174 1249)
4(563 219 865 1209)
4(204 476 1122 850)
4(476 419 1065 1122)
4(418 602 1248 1064)
4(164 418 1064 810)
4(602 164 810 1248)
4(598 600 1246 1244)
4(601 598 1244 1247)
4(600 601 1247 1246)
4(107 598 1244 753)
4(599 107 753 1245)
4(598 599 1245 1244)
4(173 561 1207 819)
4(539 173 819 1185)
4(474 472 1118 1120)
4(446 474 1120 1092)
4(245 246 892 891)
4(377 375 1021 1023)
4(149 375 1021 795)
4(375 589 1235 1021)
4(322 225 871 968)
4(339 596 1242 985)
4(597 339 985 1243)
4(596 597 1243 1242)
4(116 119 765 762)
4(208 118 764 854)
4(595 208 854 1241)
4(118 595 1241 764)
4(388 450 1096 1034)
4(449 594 1240 1095)
4(430 449 1095 1076)
4(594 430 1076 1240)
4(210 365 1011 856)
4(593 210 856 1239)
4(365 593 1239 1011)
4(496 550 1196 1142)
4(592 496 1142 1238)
4(550 592 1238 1196)
4(584 590 1236 1230)
4(591 584 1230 1237)
4(590 591 1237 1236)
4(363 590 1236 1009)
4(590 520 1166 1236)
4(589 588 1234 1235)
4(149 589 1235 795)
4(149 588 1234 795)
4(548 149 795 1194)
4(588 548 1194 1234)
4(252 358 1004 898)
4(358 250 896 1004)
4(249 499 1145 895)
4(213 344 990 859)
4(587 213 859 1233)
4(344 587 1233 990)
4(586 344 990 1232)
4(345 586 1232 991)
4(436 439 1085 1082)
4(584 439 1085 1230)
4(585 584 1230 1231)
4(439 585 1231 1085)
4(503 148 794 1149)
4(148 502 1148 794)
4(377 149 795 1023)
4(147 377 1023 793)
4(193 252 898 839)
4(252 191 837 898)
4(190 470 1116 836)
4(262 264 910 908)
4(264 122 768 910)
4(90 264 910 736)
4(122 90 736 768)
4(583 571 1217 1229)
4(367 583 1229 1013)
4(582 351 997 1228)
4(349 582 1228 995)
4(231 457 1103 877)
4(117 209 855 763)
4(234 117 763 880)
4(209 234 880 855)
4(484 581 1227 1130)
4(581 552 1198 1227)
4(581 233 879 1227)
4(234 581 1227 880)
4(249 358 1004 895)
4(534 249 895 1180)
4(580 558 1204 1226)
4(501 580 1226 1147)
4(558 501 1147 1204)
4(1 579 1225 647)
4(82 1 647 728)
4(579 82 728 1225)
4(578 376 1022 1224)
4(377 578 1224 1023)
4(537 536 1182 1183)
4(544 129 775 1190)
4(129 126 772 775)
4(129 111 757 775)
4(499 576 1222 1145)
4(251 499 1145 897)
4(251 576 1222 897)
4(577 251 897 1223)
4(576 577 1223 1222)
4(575 574 1220 1221)
4(131 575 1221 777)
4(574 131 777 1220)
4(537 573 1219 1183)
4(574 537 1183 1220)
4(573 574 1220 1219)
4(557 553 1199 1203)
4(557 292 938 1203)
4(292 559 1205 938)
4(543 127 773 1189)
4(385 543 1189 1031)
4(572 385 1031 1218)
4(369 572 1218 1015)
4(385 369 1015 1031)
4(417 570 1216 1063)
4(571 417 1063 1217)
4(571 570 1216 1217)
4(367 571 1217 1013)
4(570 367 1013 1216)
4(244 567 1213 890)
4(567 243 889 1213)
4(568 567 1213 1214)
4(569 568 1214 1215)
4(567 569 1215 1213)
4(565 312 958 1211)
4(566 565 1211 1212)
4(312 566 1212 958)
4(546 518 1164 1192)
4(564 562 1208 1210)
4(220 564 1210 866)
4(220 562 1208 866)
4(563 220 866 1209)
4(562 563 1209 1208)
4(560 539 1185 1206)
4(561 560 1206 1207)
4(539 561 1207 1185)
4(455 184 830 1101)
4(555 455 1101 1201)
4(184 555 1201 830)
4(403 184 830 1049)
4(180 403 1049 826)
4(218 558 1204 864)
4(558 494 1140 1204)
4(558 557 1203 1204)
4(559 558 1204 1205)
4(557 559 1205 1203)
4(507 104 750 1153)
4(81 507 1153 727)
4(80 555 1201 726)
4(556 80 726 1202)
4(555 556 1202 1201)
4(554 337 983 1200)
4(242 554 1200 888)
4(337 242 888 983)
4(292 553 1199 938)
4(553 291 937 1199)
4(426 294 940 1072)
4(529 426 1072 1175)
4(294 529 1175 940)
4(552 551 1197 1198)
4(484 552 1198 1130)
4(551 484 1130 1197)
4(425 550 1196 1071)
4(498 425 1071 1144)
4(550 498 1144 1196)
4(125 256 902 771)
4(127 256 902 773)
4(256 386 1032 902)
4(131 133 779 777)
4(276 133 779 922)
4(486 276 922 1132)
4(133 486 1132 779)
4(233 514 1160 879)
4(514 231 877 1160)
4(457 514 1160 1103)
4(514 458 1104 1160)
4(441 396 1042 1087)
4(232 441 1087 878)
4(116 232 878 762)
4(248 153 799 894)
4(549 248 894 1195)
4(153 549 1195 799)
4(548 152 798 1194)
4(502 548 1194 1148)
4(471 443 1089 1117)
4(471 161 807 1117)
4(547 471 1117 1193)
4(161 547 1193 807)
4(312 315 961 958)
4(519 312 958 1165)
4(546 519 1165 1192)
4(312 546 1192 958)
4(545 413 1059 1191)
4(372 545 1191 1018)
4(413 414 1060 1059)
4(126 543 1189 772)
4(544 126 772 1190)
4(544 543 1189 1190)
4(517 544 1190 1163)
4(543 517 1163 1189)
4(487 541 1187 1133)
4(542 487 1133 1188)
4(542 541 1187 1188)
4(386 542 1188 1032)
4(541 386 1032 1187)
4(108 135 781 754)
4(135 106 752 781)
4(137 540 1186 783)
4(540 136 782 1186)
4(446 538 1184 1092)
4(539 446 1092 1185)
4(538 539 1185 1184)
4(538 390 1036 1184)
4(173 538 1184 819)
4(432 345 991 1078)
4(132 432 1078 778)
4(433 273 919 1079)
4(170 511 1157 816)
4(537 150 796 1183)
4(515 537 1183 1161)
4(150 515 1161 796)
4(535 150 796 1181)
4(536 535 1181 1182)
4(150 536 1182 796)
4(534 358 1004 1180)
4(533 534 1180 1179)
4(358 533 1179 1004)
4(356 532 1178 1002)
4(533 356 1002 1179)
4(532 533 1179 1178)
4(493 325 971 1139)
4(323 493 1139 969)
4(215 218 864 861)
4(531 354 1000 1177)
4(428 531 1177 1074)
4(530 529 1175 1176)
4(531 530 1176 1177)
4(529 531 1177 1175)
4(528 527 1173 1174)
4(495 528 1174 1141)
4(495 527 1173 1141)
4(527 423 1069 1173)
4(525 524 1170 1171)
4(526 525 1171 1172)
4(524 526 1172 1170)
4(516 524 1170 1162)
4(524 517 1163 1170)
4(490 235 881 1136)
4(236 490 1136 882)
4(333 362 1008 979)
4(523 333 979 1169)
4(362 523 1169 1008)
4(522 121 767 1168)
4(262 522 1168 908)
4(121 262 908 767)
4(120 280 926 766)
4(494 520 1166 1140)
4(521 494 1140 1167)
4(520 521 1167 1166)
4(363 520 1166 1009)
4(293 363 1009 939)
4(520 293 939 1166)
4(518 411 1057 1164)
4(519 518 1164 1165)
4(411 519 1165 1057)
4(427 516 1162 1073)
4(517 427 1073 1163)
4(516 517 1163 1162)
4(513 483 1129 1159)
4(515 513 1159 1161)
4(483 515 1161 1129)
4(514 513 1159 1160)
4(151 514 1160 797)
4(513 151 797 1159)
4(512 462 1108 1158)
4(460 512 1158 1106)
4(462 460 1106 1108)
4(462 362 1008 1108)
4(362 330 976 1008)
4(511 510 1156 1157)
4(169 511 1157 815)
4(510 169 815 1156)
4(107 406 1052 753)
4(107 109 755 753)
4(212 508 1154 858)
4(141 212 858 787)
4(508 141 787 1154)
4(508 450 1096 1154)
4(509 508 1154 1155)
4(450 509 1155 1096)
4(506 505 1151 1152)
4(507 506 1152 1153)
4(505 507 1153 1151)
4(465 504 1150 1111)
4(263 465 1111 909)
4(263 504 1150 909)
4(504 261 907 1150)
4(503 502 1148 1149)
4(458 503 1149 1104)
4(502 458 1104 1148)
4(155 502 1148 801)
4(502 152 798 1148)
4(215 468 1114 861)
4(501 215 861 1147)
4(468 501 1147 1114)
4(499 468 1114 1145)
4(500 499 1145 1146)
4(468 500 1146 1114)
4(498 496 1142 1144)
4(497 498 1144 1143)
4(497 496 1142 1143)
4(293 497 1143 939)
4(496 293 939 1142)
4(422 491 1137 1068)
4(491 421 1067 1137)
4(424 495 1141 1070)
4(495 423 1069 1141)
4(494 493 1139 1140)
4(218 494 1140 864)
4(218 493 1139 864)
4(493 217 863 1139)
4(492 490 1136 1138)
4(422 492 1138 1068)
4(490 422 1068 1136)
4(491 490 1136 1137)
4(288 491 1137 934)
4(490 288 934 1136)
4(454 489 1135 1100)
4(282 454 1100 928)
4(282 489 1135 928)
4(489 281 927 1135)
4(487 477 1123 1133)
4(488 487 1133 1134)
4(477 488 1134 1123)
4(477 418 1064 1123)
4(418 476 1122 1064)
4(486 483 1129 1132)
4(484 486 1132 1130)
4(484 483 1129 1130)
4(485 484 1130 1131)
4(483 485 1131 1129)
4(482 206 852 1128)
4(473 482 1128 1119)
4(206 473 1119 852)
4(163 206 852 809)
4(165 163 809 811)
4(240 479 1125 886)
4(166 240 886 812)
4(479 166 812 1125)
4(480 479 1125 1126)
4(481 480 1126 1127)
4(479 481 1127 1125)
4(70 478 1124 716)
4(475 70 716 1121)
4(478 475 1121 1124)
4(476 475 1121 1122)
4(477 476 1122 1123)
4(475 477 1123 1121)
4(473 163 809 1119)
4(474 473 1119 1120)
4(163 474 1120 809)
4(472 471 1117 1118)
4(446 472 1118 1092)
4(471 446 1092 1117)
4(192 470 1116 838)
4(391 192 838 1037)
4(470 391 1037 1116)
4(182 470 1116 828)
4(394 182 828 1040)
4(470 394 1040 1116)
4(441 397 1043 1087)
4(397 440 1086 1043)
4(442 349 995 1088)
4(345 469 1115 991)
4(132 345 991 778)
4(469 132 778 1115)
4(188 229 875 834)
4(229 185 831 875)
4(216 467 1113 862)
4(468 216 862 1114)
4(467 468 1114 1113)
4(62 223 869 708)
4(221 62 708 867)
4(466 464 1110 1112)
4(341 466 1112 987)
4(464 341 987 1110)
4(464 463 1109 1110)
4(465 464 1110 1111)
4(463 465 1111 1109)
4(462 330 976 1108)
4(331 462 1108 977)
4(460 331 977 1106)
4(461 460 1106 1107)
4(331 461 1107 977)
4(416 459 1105 1062)
4(438 416 1062 1084)
4(438 459 1105 1084)
4(459 435 1081 1105)
4(458 456 1102 1104)
4(457 458 1104 1103)
4(457 456 1102 1103)
4(232 457 1103 878)
4(456 232 878 1102)
4(455 453 1099 1101)
4(174 455 1101 820)
4(453 174 820 1099)
4(453 452 1098 1099)
4(454 453 1099 1100)
4(452 454 1100 1098)
4(123 451 1097 769)
4(451 120 766 1097)
4(154 451 1097 800)
4(451 153 799 1097)
4(449 448 1094 1095)
4(450 449 1095 1096)
4(448 450 1096 1094)
4(448 193 839 1094)
4(388 448 1094 1034)
4(446 443 1089 1092)
4(447 446 1092 1093)
4(443 447 1093 1089)
4(444 443 1089 1090)
4(445 444 1090 1091)
4(443 445 1091 1089)
4(350 440 1086 996)
4(442 350 996 1088)
4(440 442 1088 1086)
4(441 440 1086 1087)
4(116 441 1087 762)
4(440 116 762 1086)
4(438 435 1081 1084)
4(439 438 1084 1085)
4(435 439 1085 1081)
4(436 435 1081 1082)
4(437 436 1082 1083)
4(435 437 1083 1081)
4(434 432 1078 1080)
4(274 434 1080 920)
4(274 432 1078 920)
4(433 274 920 1079)
4(432 433 1079 1078)
4(296 431 1077 942)
4(326 296 942 972)
4(326 431 1077 972)
4(431 137 783 1077)
4(430 429 1075 1076)
4(354 430 1076 1000)
4(429 428 1074 1075)
4(354 429 1075 1000)
4(428 354 1000 1074)
4(411 427 1073 1057)
4(413 427 1073 1059)
4(372 413 1059 1018)
4(427 372 1018 1073)
4(333 290 936 979)
4(290 236 882 936)
4(272 425 1071 918)
4(426 272 918 1072)
4(425 426 1072 1071)
4(275 425 1071 921)
4(425 273 919 1071)
4(423 421 1067 1069)
4(424 423 1069 1070)
4(421 424 1070 1067)
4(421 420 1066 1067)
4(422 421 1067 1068)
4(420 422 1068 1066)
4(204 419 1065 850)
4(419 203 849 1065)
4(419 418 1064 1065)
4(165 419 1065 811)
4(418 165 811 1064)
4(417 415 1061 1063)
4(408 417 1063 1054)
4(415 408 1054 1061)
4(415 335 981 1061)
4(416 415 1061 1062)
4(335 416 1062 981)
4(315 412 1058 961)
4(414 315 961 1060)
4(412 414 1060 1058)
4(412 411 1057 1058)
4(413 412 1058 1059)
4(411 413 1059 1057)
4(197 410 1056 843)
4(393 410 1056 1039)
4(410 402 1048 1056)
4(408 407 1053 1054)
4(409 408 1054 1055)
4(407 409 1055 1053)
4(211 407 1053 857)
4(366 211 857 1012)
4(407 366 1012 1053)
4(109 406 1052 755)
4(406 157 803 1052)
4(405 314 960 1051)
4(313 405 1051 959)
4(314 310 956 960)
4(403 401 1047 1049)
4(404 403 1049 1050)
4(401 404 1050 1047)
4(402 401 1047 1048)
4(393 402 1048 1039)
4(401 393 1039 1047)
4(84 400 1046 730)
4(340 84 730 986)
4(400 340 986 1046)
4(320 400 1046 966)
4(400 189 835 1046)
4(153 156 802 799)
4(399 156 802 1045)
4(156 398 1044 802)
4(398 395 1041 1044)
4(399 398 1044 1045)
4(395 399 1045 1041)
4(396 395 1041 1042)
4(397 396 1042 1043)
4(395 397 1043 1041)
4(394 392 1038 1040)
4(393 394 1040 1039)
4(393 392 1038 1039)
4(197 393 1039 843)
4(392 197 843 1038)
4(391 389 1035 1037)
4(390 391 1037 1036)
4(390 389 1035 1036)
4(173 390 1036 819)
4(389 173 819 1035)
4(388 193 839 1034)
4(194 388 1034 840)
4(194 192 838 840)
4(387 194 840 1033)
4(192 387 1033 838)
4(386 384 1030 1032)
4(127 386 1032 773)
4(127 384 1030 773)
4(385 127 773 1031)
4(384 385 1031 1030)
4(67 383 1029 713)
4(383 382 1028 1029)
4(67 382 1028 713)
4(303 67 713 949)
4(382 303 949 1028)
4(251 253 899 897)
4(190 253 899 836)
4(381 190 836 1027)
4(253 381 1027 899)
4(379 378 1024 1025)
4(380 379 1025 1026)
4(378 380 1026 1024)
4(258 378 1024 904)
4(92 258 904 738)
4(378 92 738 1024)
4(376 374 1020 1022)
4(377 376 1022 1023)
4(374 377 1023 1020)
4(374 246 892 1020)
4(375 374 1020 1021)
4(246 375 1021 892)
4(372 369 1015 1018)
4(373 372 1018 1019)
4(369 373 1019 1015)
4(370 369 1015 1016)
4(371 370 1016 1017)
4(369 371 1017 1015)
4(265 112 758 911)
4(110 265 911 756)
4(128 111 757 774)
4(112 128 774 758)
4(119 350 996 765)
4(351 119 765 997)
4(351 367 1013 997)
4(368 351 997 1014)
4(367 368 1014 1013)
4(366 364 1010 1012)
4(210 366 1012 856)
4(364 210 856 1010)
4(364 363 1009 1010)
4(365 364 1010 1011)
4(363 365 1011 1009)
4(361 359 1005 1007)
4(362 361 1007 1008)
4(359 362 1008 1005)
4(360 359 1005 1006)
4(178 360 1006 824)
4(359 178 824 1005)
4(357 355 1001 1003)
4(358 357 1003 1004)
4(355 358 1004 1001)
4(355 354 1000 1001)
4(356 355 1001 1002)
4(354 356 1002 1000)
4(135 352 998 781)
4(352 134 780 998)
4(352 241 887 998)
4(353 352 998 999)
4(241 353 999 887)
4(200 305 951 846)
4(305 202 848 951)
4(202 306 952 848)
4(268 202 848 914)
4(306 268 914 952)
4(350 349 995 996)
4(351 350 996 997)
4(349 351 997 995)
4(348 347 993 994)
4(88 348 994 734)
4(347 88 734 993)
4(187 343 989 833)
4(346 187 833 992)
4(343 346 992 989)
4(344 343 989 990)
4(345 344 990 991)
4(343 345 991 989)
4(195 342 988 841)
4(342 196 842 988)
4(309 342 988 955)
4(100 309 955 746)
4(342 100 746 988)
4(341 286 932 987)
4(284 341 987 930)
4(87 286 932 733)
4(91 87 733 737)
4(286 91 737 932)
4(340 339 985 986)
4(83 340 986 729)
4(339 83 729 985)
4(317 338 984 963)
4(296 317 963 942)
4(338 296 942 984)
4(319 338 984 965)
4(320 319 965 966)
4(338 320 966 984)
4(337 334 980 983)
4(335 337 983 981)
4(335 334 980 981)
4(336 335 981 982)
4(334 336 982 980)
4(333 236 882 979)
4(237 333 979 883)
4(331 330 976 977)
4(332 331 977 978)
4(330 332 978 976)
4(329 328 974 975)
4(177 329 975 823)
4(328 177 823 974)
4(179 328 974 825)
4(328 220 866 974)
4(228 138 784 874)
4(327 228 874 973)
4(138 327 973 784)
4(138 326 972 784)
4(326 137 783 972)
4(324 323 969 970)
4(325 324 970 971)
4(323 325 971 969)
4(227 321 967 873)
4(322 227 873 968)
4(322 321 967 968)
4(246 322 968 892)
4(321 246 892 967)
4(97 320 966 743)
4(189 97 743 835)
4(320 189 835 966)
4(319 98 744 965)
4(296 319 965 942)
4(98 296 942 744)
4(317 316 962 963)
4(318 317 963 964)
4(316 318 964 962)
4(226 316 962 872)
4(138 226 872 784)
4(316 138 784 962)
4(315 313 959 961)
4(311 315 961 957)
4(311 313 959 957)
4(314 311 957 960)
4(313 314 960 959)
4(311 310 956 957)
4(312 311 957 958)
4(310 312 958 956)
4(141 308 954 787)
4(308 101 747 954)
4(308 307 953 954)
4(309 308 954 955)
4(307 309 955 953)
4(305 304 950 951)
4(306 305 951 952)
4(304 306 952 950)
4(96 304 950 742)
4(304 277 923 950)
4(302 301 947 948)
4(303 302 948 949)
4(301 303 949 947)
4(243 299 945 889)
4(300 243 889 946)
4(299 300 946 945)
4(298 297 943 944)
4(175 298 944 821)
4(297 175 821 943)
4(297 296 942 943)
4(278 297 943 924)
4(296 278 924 942)
4(294 291 937 940)
4(295 294 940 941)
4(291 295 941 937)
4(292 291 937 938)
4(293 292 938 939)
4(291 293 939 937)
4(289 288 934 935)
4(290 289 935 936)
4(288 290 936 934)
4(205 287 933 851)
4(73 205 851 719)
4(287 73 719 933)
4(257 92 738 903)
4(93 257 903 739)
4(239 284 930 885)
4(241 239 885 887)
4(284 241 887 930)
4(285 284 930 931)
4(286 285 931 932)
4(284 286 932 930)
4(282 281 927 928)
4(283 282 928 929)
4(281 283 929 927)
4(280 279 925 926)
4(122 280 926 768)
4(122 279 925 768)
4(245 122 768 891)
4(279 245 891 925)
4(96 277 923 742)
4(277 98 744 923)
4(277 175 821 923)
4(278 277 923 924)
4(175 278 924 821)
4(275 273 919 921)
4(276 275 921 922)
4(273 276 922 919)
4(273 272 918 919)
4(274 273 919 920)
4(272 274 920 918)
4(199 271 917 845)
4(270 199 845 916)
4(9 270 916 655)
4(271 9 655 917)
4(270 271 917 916)
4(189 186 832 835)
4(269 189 835 915)
4(186 269 915 832)
4(268 267 913 914)
4(259 268 914 905)
4(267 259 905 913)
4(103 266 912 749)
4(266 102 748 912)
4(265 201 847 911)
4(266 265 911 912)
4(201 266 912 847)
4(263 261 907 909)
4(264 263 909 910)
4(261 264 910 907)
4(261 260 906 907)
4(262 261 907 908)
4(260 262 908 906)
4(99 259 905 745)
4(259 140 786 905)
4(257 254 900 903)
4(258 257 903 904)
4(254 258 904 900)
4(255 254 900 901)
4(256 255 901 902)
4(254 256 902 900)
4(252 250 896 898)
4(253 252 898 899)
4(250 253 899 896)
4(250 249 895 896)
4(251 250 896 897)
4(249 251 897 895)
4(248 247 893 894)
4(156 248 894 802)
4(247 156 802 893)
4(246 88 734 892)
4(89 246 892 735)
4(245 89 735 891)
4(90 245 891 736)
4(243 242 888 889)
4(244 243 889 890)
4(242 244 890 888)
4(146 238 884 792)
4(241 146 792 887)
4(238 241 887 884)
4(239 238 884 885)
4(240 239 885 886)
4(238 240 886 884)
4(236 235 881 882)
4(237 236 882 883)
4(235 237 883 881)
4(233 231 877 879)
4(234 233 879 880)
4(231 234 880 877)
4(117 231 877 763)
4(232 117 763 878)
4(231 232 878 877)
4(158 230 876 804)
4(159 158 804 805)
4(230 159 805 876)
4(229 84 730 875)
4(85 229 875 731)
4(227 225 871 873)
4(228 227 873 874)
4(225 228 874 871)
4(225 224 870 871)
4(226 225 871 872)
4(224 226 872 870)
4(222 221 867 868)
4(223 222 868 869)
4(221 223 869 867)
4(220 219 865 866)
4(179 220 866 825)
4(179 219 865 825)
4(219 178 824 865)
4(217 214 860 863)
4(218 217 863 864)
4(214 218 864 860)
4(215 214 860 861)
4(216 215 861 862)
4(214 216 862 860)
4(212 142 788 858)
4(213 212 858 859)
4(142 213 859 788)
4(139 142 788 785)
4(101 139 785 747)
4(210 207 853 856)
4(211 210 856 857)
4(207 211 857 853)
4(208 207 853 854)
4(209 208 854 855)
4(207 209 855 853)
4(206 203 849 852)
4(165 206 852 811)
4(203 165 811 849)
4(204 203 849 850)
4(205 204 850 851)
4(203 205 851 849)
4(201 200 846 847)
4(202 201 847 848)
4(200 202 848 846)
4(198 197 843 844)
4(199 198 844 845)
4(197 199 845 843)
4(94 195 841 740)
4(196 94 740 842)
4(195 196 842 841)
4(193 191 837 839)
4(194 193 839 840)
4(191 194 840 837)
4(191 190 836 837)
4(192 191 837 838)
4(190 192 838 836)
4(188 185 831 834)
4(189 188 834 835)
4(185 189 835 831)
4(186 185 831 832)
4(187 186 832 833)
4(185 187 833 831)
4(183 180 826 829)
4(184 183 829 830)
4(180 184 830 826)
4(181 180 826 827)
4(182 181 827 828)
4(180 182 828 826)
4(178 176 822 824)
4(179 178 824 825)
4(176 179 825 822)
4(176 175 821 822)
4(177 176 822 823)
4(175 177 823 821)
4(33 123 769 679)
4(124 33 679 770)
4(174 171 817 820)
4(172 174 820 818)
4(172 171 817 818)
4(173 172 818 819)
4(171 173 819 817)
4(169 167 813 815)
4(170 169 815 816)
4(167 170 816 813)
4(167 166 812 813)
4(168 167 813 814)
4(166 168 814 812)
4(164 162 808 810)
4(165 164 810 811)
4(162 165 811 808)
4(162 161 807 808)
4(163 162 808 809)
4(161 163 809 807)
4(160 145 791 806)
4(159 160 806 805)
4(159 145 791 805)
4(108 159 805 754)
4(145 108 754 791)
4(109 157 803 755)
4(158 109 755 804)
4(157 158 804 803)
4(155 152 798 801)
4(156 155 801 802)
4(152 156 802 798)
4(153 152 798 799)
4(154 153 799 800)
4(152 154 800 798)
4(150 147 793 796)
4(151 150 796 797)
4(147 151 797 793)
4(148 147 793 794)
4(149 148 794 795)
4(147 149 795 793)
4(146 143 789 792)
4(144 146 792 790)
4(144 143 789 790)
4(145 144 790 791)
4(143 145 791 789)
4(141 101 747 787)
4(142 141 787 788)
4(101 142 788 747)
4(140 139 785 786)
4(99 140 786 745)
4(139 99 745 785)
4(137 136 782 783)
4(138 137 783 784)
4(136 138 784 782)
4(134 105 751 780)
4(135 134 780 781)
4(105 135 781 751)
4(132 130 776 778)
4(133 132 778 779)
4(130 133 779 776)
4(131 130 776 777)
4(85 131 777 731)
4(130 85 731 776)
4(128 125 771 774)
4(129 128 774 775)
4(125 129 775 771)
4(126 125 771 772)
4(127 126 772 773)
4(125 127 773 771)
4(123 120 766 769)
4(124 123 769 770)
4(120 124 770 766)
4(121 120 766 767)
4(122 121 767 768)
4(120 122 768 766)
4(118 115 761 764)
4(119 118 764 765)
4(115 119 765 761)
4(116 115 761 762)
4(117 116 762 763)
4(115 117 763 761)
4(113 110 756 759)
4(114 113 759 760)
4(110 114 760 756)
4(111 110 756 757)
4(112 111 757 758)
4(110 112 758 756)
4(108 106 752 754)
4(109 108 754 755)
4(106 109 755 752)
4(106 105 751 752)
4(107 106 752 753)
4(105 107 753 751)
4(104 80 726 750)
4(81 104 750 727)
4(102 99 745 748)
4(103 102 748 749)
4(99 103 749 745)
4(100 99 745 746)
4(101 100 746 747)
4(99 101 747 745)
4(97 96 742 743)
4(98 97 743 744)
4(96 98 744 742)
4(95 93 739 741)
4(94 95 741 740)
4(93 92 738 739)
4(94 93 739 740)
4(92 94 740 738)
4(90 89 735 736)
4(91 90 736 737)
4(89 91 737 735)
4(88 87 733 734)
4(89 88 734 735)
4(87 89 735 733)
4(86 85 731 732)
4(83 86 732 729)
4(84 83 729 730)
4(85 84 730 731)
4(83 85 731 729)
4(81 80 726 727)
4(82 81 727 728)
4(80 82 728 726)
4(0 1 647 646)
4(1 2 648 647)
4(2 3 649 648)
4(3 4 650 649)
4(4 5 651 650)
4(5 6 652 651)
4(6 7 653 652)
4(7 8 654 653)
4(8 9 655 654)
4(9 10 656 655)
4(10 11 657 656)
4(11 12 658 657)
4(12 13 659 658)
4(13 14 660 659)
4(14 15 661 660)
4(15 16 662 661)
4(16 17 663 662)
4(17 18 664 663)
4(18 19 665 664)
4(19 20 666 665)
4(60 61 707 706)
4(61 62 708 707)
4(62 63 709 708)
4(63 64 710 709)
4(64 65 711 710)
4(65 66 712 711)
4(66 67 713 712)
4(67 68 714 713)
4(68 69 715 714)
4(69 70 716 715)
4(70 71 717 716)
4(71 72 718 717)
4(72 73 719 718)
4(73 74 720 719)
4(74 75 721 720)
4(75 76 722 721)
4(76 77 723 722)
4(77 78 724 723)
4(78 79 725 724)
4(79 0 646 725)
4(39 40 686 685)
4(38 39 685 684)
4(37 38 684 683)
4(36 37 683 682)
4(35 36 682 681)
4(34 35 681 680)
4(33 34 680 679)
4(32 33 679 678)
4(31 32 678 677)
4(30 31 677 676)
4(29 30 676 675)
4(28 29 675 674)
4(27 28 674 673)
4(26 27 673 672)
4(25 26 672 671)
4(24 25 671 670)
4(23 24 670 669)
4(22 23 669 668)
4(21 22 668 667)
4(20 21 667 666)
4(40 41 687 686)
4(41 42 688 687)
4(42 43 689 688)
4(43 44 690 689)
4(44 45 691 690)
4(45 46 692 691)
4(46 47 693 692)
4(47 48 694 693)
4(48 49 695 694)
4(49 50 696 695)
4(50 51 697 696)
4(51 52 698 697)
4(52 53 699 698)
4(53 54 700 699)
4(54 55 701 700)
4(55 56 702 701)
4(56 57 703 702)
4(57 58 704 703)
4(58 59 705 704)
4(59 60 706 705)
3(72 205 73)
3(629 73 287)
3(618 552 581)
3(484 485 581)
3(529 532 531)
3(356 354 531)
3(575 86 536)
3(578 535 536)
3(71 204 205)
3(291 553 295)
3(533 532 295)
3(481 479 607)
3(144 607 622)
3(290 490 236)
3(288 490 290)
3(460 157 512)
3(628 157 460)
3(283 281 611)
3(636 612 281)
3(78 506 79)
3(584 585 590)
3(439 521 585)
3(56 420 565)
3(421 546 565)
3(470 182 615)
3(180 619 615)
3(443 608 445)
3(307 509 445)
3(352 327 134)
3(136 134 327)
3(407 613 591)
3(438 584 591)
3(89 87 91)
3(286 263 91)
3(610 555 184)
3(455 183 184)
3(524 528 526)
3(603 562 526)
3(220 605 564)
3(113 114 564)
3(373 645 545)
3(221 414 545)
3(268 269 267)
3(614 189 269)
3(534 533 553)
3(358 356 533)
3(446 539 474)
3(560 473 474)
3(249 534 580)
3(553 557 580)
3(210 593 207)
3(365 592 593)
3(562 603 563)
3(623 604 563)
3(361 599 598)
3(107 540 598)
3(343 213 346)
3(142 139 346)
3(377 535 578)
3(86 597 578)
3(150 151 513)
3(514 626 513)
3(368 570 409)
3(417 408 409)
3(133 574 573)
3(537 515 573)
3(425 551 550)
3(552 592 550)
3(339 318 596)
3(316 226 596)
3(387 447 609)
3(443 444 609)
3(282 283 560)
3(482 473 560)
3(340 318 339)
3(596 224 597)
3(111 129 624)
3(544 525 624)
3(102 266 201)
3(259 102 201)
3(217 12 635)
3(323 12 217)
3(242 19 554)
3(300 19 242)
3(398 29 634)
3(247 29 398)
3(34 522 35)
3(260 35 262)
3(632 41 170)
3(42 41 632)
3(324 436 14)
3(13 324 14)
3(223 61 405)
3(62 61 223)
3(314 405 59)
3(58 314 59)
3(323 324 13)
3(12 323 13)
3(287 205 203)
3(235 52 237)
3(54 422 55)
3(49 48 628)
3(55 420 56)
3(45 44 481)
3(10 9 467)
3(27 26 442)
3(26 25 349)
3(56 566 57)
3(64 63 645)
3(65 64 373)
3(510 37 627)
3(505 77 625)
3(404 402 5)
3(3 2 80)
3(511 38 510)
3(35 260 36)
3(44 43 480)
3(31 549 32)
3(336 16 637)
3(75 636 76)
3(63 62 221)
3(16 336 17)
3(32 123 33)
3(48 47 158)
3(402 410 6)
3(69 68 301)
3(57 310 58)
3(66 65 370)
3(38 511 39)
3(160 230 46)
3(73 629 74)
3(43 42 168)
3(17 334 18)
3(2 1 82)
3(23 22 568)
3(68 67 303)
3(8 7 198)
3(33 124 34)
3(22 21 299)
3(506 579 79)
3(630 78 77)
3(612 75 74)
3(205 72 71)
3(640 71 70)
3(478 70 69)
3(68 303 301)
3(383 67 66)
3(64 645 373)
3(310 314 58)
3(422 420 55)
3(492 54 53)
3(237 52 51)
3(332 51 50)
3(461 50 49)
3(230 47 46)
3(641 46 45)
3(44 480 481)
3(43 168 480)
3(42 632 168)
3(41 631 170)
3(511 631 39)
3(549 123 32)
3(638 31 30)
3(634 29 28)
3(643 28 27)
3(633 25 24)
3(569 24 23)
3(22 299 568)
3(21 300 299)
3(554 19 18)
3(437 15 14)
3(639 11 10)
3(270 9 8)
3(642 5 4)
3(556 4 3)
3(2 82 80)
3(79 579 0)
3(77 505 630)
3(74 611 612)
3(70 475 640)
3(69 301 478)
3(66 370 383)
3(370 65 373)
3(405 61 644)
3(59 644 60)
3(53 235 492)
3(53 52 235)
3(50 331 332)
3(49 628 461)
3(45 481 641)
3(39 631 40)
3(30 247 638)
3(30 29 247)
3(27 442 643)
3(24 583 633)
3(23 568 569)
3(19 300 20)
3(436 437 14)
3(10 467 639)
3(8 198 270)
3(4 610 642)
3(3 80 556)
3(466 169 464)
3(579 1 0)
3(631 41 40)
3(300 21 20)
3(644 61 60)
3(63 221 645)
3(545 645 221)
3(404 5 642)
3(555 610 556)
3(389 172 173)
3(394 393 401)
3(583 569 567)
3(349 25 582)
3(506 630 505)
3(401 403 181)
3(199 270 198)
3(560 561 282)
3(467 9 271)
3(76 636 625)
3(194 387 388)
3(366 210 211)
3(467 216 639)
3(334 554 18)
3(584 438 439)
3(634 28 643)
3(272 273 425)
3(193 448 430)
3(124 522 34)
3(16 15 637)
3(581 234 618)
3(247 248 638)
3(475 476 640)
3(36 260 627)
3(125 126 129)
3(91 263 264)
3(565 420 421)
3(38 37 510)
3(371 383 370)
3(566 56 565)
3(371 385 384)
3(572 517 543)
3(542 254 487)
3(361 512 599)
3(48 158 628)
3(607 160 641)
3(481 607 641)
3(338 319 296)
3(479 240 622)
3(121 122 264)
3(166 167 466)
3(308 141 509)
3(452 505 625)
3(463 510 627)
3(200 113 329)
3(294 295 529)
3(334 337 554)
3(484 275 486)
3(98 319 97)
3(490 492 235)
3(478 301 488)
3(267 269 186)
3(271 500 467)
3(212 594 508)
3(296 326 317)
3(377 147 535)
3(547 95 196)
3(292 293 559)
3(277 278 98)
3(316 326 138)
3(433 132 133)
3(296 297 431)
3(387 390 447)
3(266 379 265)
3(498 550 496)
3(620 345 343)
3(521 439 325)
3(238 622 240)
3(526 528 603)
3(560 283 482)
3(114 111 624)
3(139 101 99)
3(514 233 626)
3(150 535 147)
3(382 621 302)
3(258 380 378)
3(397 634 643)
3(233 485 626)
3(197 198 410)
3(355 357 430)
3(328 329 605)
3(486 573 483)
3(132 433 432)
3(139 140 346)
3(450 508 449)
3(227 228 353)
3(47 230 158)
3(121 264 262)
3(279 589 245)
3(590 585 520)
3(474 539 560)
3(359 361 601)
3(330 237 332)
3(152 548 154)
3(155 399 456)
3(164 165 418)
3(635 216 214)
3(129 544 624)
3(572 372 427)
3(409 595 368)
3(442 26 349)
3(180 181 403)
3(410 7 6)
3(422 54 492)
3(133 131 574)
3(83 339 86)
3(105 540 107)
3(617 298 175)
3(100 101 308)
3(471 472 161)
3(529 530 434)
3(520 494 559)
3(614 268 306)
3(604 219 563)
3(115 209 117)
3(515 483 573)
3(346 213 142)
3(140 267 187)
3(99 100 103)
3(113 605 329)
3(284 285 241)
3(466 240 166)
3(17 336 334)
3(416 613 408)
3(77 76 625)
3(171 174 454)
3(37 36 627)
3(465 263 286)
3(596 226 224)
3(513 626 483)
3(192 194 191)
3(172 389 619)
3(609 447 443)
3(207 208 211)
3(592 365 496)
3(352 135 146)
3(321 88 246)
3(530 531 428)
3(276 433 133)
3(384 386 621)
3(418 477 602)
3(155 458 502)
3(440 350 119)
3(499 249 501)
3(392 577 197)
3(359 617 178)
3(362 462 361)
3(267 186 187)
3(188 400 229)
3(526 562 564)
3(518 527 516)
3(524 525 544)
3(126 127 543)
3(600 298 601)
3(617 359 601)
3(580 534 553)
3(497 293 291)
3(93 95 164)
3(163 161 472)
3(449 508 594)
3(608 443 471)
3(487 602 477)
3(204 71 640)
3(580 557 558)
3(635 11 639)
3(399 155 156)
3(549 31 638)
3(331 460 462)
3(322 376 224)
3(340 338 318)
3(148 151 147)
3(246 589 375)
3(619 389 615)
3(381 394 470)
3(407 408 613)
3(118 208 115)
3(531 532 356)
3(434 530 586)
3(342 309 196)
3(219 606 178)
3(177 304 329)
3(563 603 623)
3(111 114 110)
3(551 275 484)
3(207 618 209)
3(335 415 337)
3(455 507 453)
3(405 644 59)
3(315 222 313)
3(575 537 574)
3(86 575 85)
3(295 532 529)
3(551 552 550)
3(355 356 358)
3(577 381 253)
3(451 123 549)
3(203 206 287)
3(74 629 611)
3(12 11 635)
3(138 228 226)
3(241 352 146)
3(386 256 542)
3(265 110 200)
3(229 130 469)
3(432 434 586)
3(117 234 231)
3(119 116 440)
3(256 125 255)
3(606 219 604)
3(390 538 447)
3(471 547 608)
3(364 365 210)
3(559 293 520)
3(442 397 643)
3(209 115 208)
3(495 424 623)
3(369 372 572)
3(621 382 371)
3(7 410 198)
3(381 470 190)
3(341 284 240)
3(142 212 141)
3(428 587 586)
3(452 453 507)
3(463 464 169)
3(337 415 244)
3(428 586 530)
3(272 426 529)
3(507 455 104)
3(404 642 610)
3(421 423 546)
3(244 417 567)
3(582 633 583)
3(548 502 148)
3(513 515 150)
3(321 227 348)
3(374 375 377)
3(504 627 260)
3(489 625 636)
3(611 482 283)
3(459 336 637)
3(324 325 436)
3(238 146 144)
3(160 46 641)
3(621 386 302)
3(204 640 476)
3(488 475 478)
3(635 639 216)
3(468 215 216)
3(247 398 156)
3(549 638 248)
3(156 153 248)
3(395 398 634)
3(331 50 461)
3(237 51 332)
3(382 383 371)
3(302 303 382)
3(288 289 623)
3(441 232 396)
3(223 313 222)
3(566 312 310)
3(571 567 417)
3(555 104 455)
3(517 572 427)
3(368 367 570)
3(583 24 569)
3(518 546 423)
3(424 421 491)
3(180 183 619)
3(610 4 556)
3(522 124 121)
3(144 145 607)
3(611 629 482)
3(402 6 5)
3(369 385 371)
3(490 491 422)
3(459 416 335)
3(637 435 459)
3(504 465 463)
3(260 261 504)
3(168 166 480)
3(489 454 452)
3(636 281 489)
3(167 168 632)
3(452 507 505)
3(299 243 568)
3(417 244 415)
3(463 169 510)
3(435 637 437)
3(637 15 437)
3(636 75 612)
3(35 522 262)
3(418 419 476)
3(549 153 451)
3(214 217 635)
3(460 461 628)
3(367 582 583)
3(567 571 583)
3(545 372 373)
3(222 414 221)
3(566 310 57)
3(565 546 312)
3(403 404 610)
3(80 104 555)
3(289 604 623)
3(395 634 397)
3(500 271 576)
3(576 499 500)
3(488 301 541)
3(367 351 582)
3(582 25 633)
3(632 170 167)
3(170 631 511)
3(506 78 630)
3(579 506 81)
3(507 81 506)
3(81 82 579)
3(242 243 300)
3(242 337 244)
3(162 164 161)
3(165 203 419)
3(287 482 629)
3(362 360 523)
3(362 333 330)
3(289 290 523)
3(257 602 487)
3(541 487 488)
3(541 302 386)
3(134 136 105)
3(159 109 158)
3(628 158 157)
3(559 494 558)
3(323 217 493)
3(493 494 521)
3(411 518 516)
3(411 412 519)
3(519 315 312)
3(280 588 279)
3(154 280 451)
3(280 120 451)
3(580 501 249)
3(392 394 381)
3(199 577 576)
3(469 345 620)
3(400 320 340)
3(391 470 615)
3(253 251 577)
3(607 479 622)
3(352 353 327)
3(266 103 378)
3(307 547 196)
3(357 252 193)
3(428 429 594)
3(339 597 86)
3(596 318 316)
3(380 112 379)
3(342 195 378)
3(183 455 174)
3(182 394 181)
3(175 176 617)
3(96 97 614)
3(431 600 137)
3(406 599 512)
3(195 94 92)
3(254 255 258)
3(330 333 237)
3(606 604 523)
3(329 305 200)
3(177 175 277)
3(190 191 252)
3(249 250 358)
3(578 597 224)
3(327 138 136)
3(84 340 83)
3(84 229 400)
3(286 341 465)
3(88 347 87)
3(154 588 280)
3(245 90 122)
3(616 454 282)
3(173 539 538)
3(254 257 487)
3(380 258 255)
3(613 416 438)
3(366 590 364)
3(88 321 348)
3(285 347 241)
3(118 119 368)
3(117 232 116)
3(586 587 344)
3(429 430 594)
3(132 469 130)
3(343 187 620)
3(592 618 593)
3(363 364 590)
3(409 570 417)
3(118 368 595)
3(284 239 240)
3(347 348 241)
3(618 592 552)
3(581 485 233)
3(97 189 614)
3(202 259 201)
3(271 199 576)
3(500 468 467)
3(246 374 322)
3(376 578 224)
3(448 449 430)
3(609 444 450)
3(305 306 202)
3(295 553 533)
3(558 215 501)
3(109 159 108)
3(599 406 107)
3(301 302 541)
3(488 477 475)
3(290 333 523)
3(603 495 623)
3(508 509 141)
3(587 594 212)
3(148 503 151)
3(536 537 575)
3(309 307 196)
3(196 95 94)
3(387 391 390)
3(538 446 447)
3(328 179 177)
3(525 526 564)
3(286 87 285)
3(627 504 463)
3(564 114 624)
3(112 380 128)
3(439 436 325)
3(151 503 514)
3(626 485 483)
3(167 169 466)
3(479 480 166)
3(187 346 140)
3(102 259 99)
3(426 425 498)
3(363 496 365)
3(307 308 509)
3(444 445 450)
3(616 171 454)
3(625 489 452)
3(588 154 548)
3(148 149 548)
3(162 163 165)
3(95 161 164)
3(206 482 287)
3(472 474 163)
3(224 225 322)
3(374 376 322)
3(325 493 521)
3(521 520 585)
3(385 572 543)
3(128 255 125)
3(354 355 430)
3(294 426 497)
3(105 136 540)
3(540 600 598)
3(343 344 213)
3(185 620 187)
3(199 197 577)
3(253 190 252)
3(624 525 564)
3(524 527 528)
3(598 601 361)
3(157 406 512)
3(524 544 517)
3(427 411 516)
3(623 424 288)
3(527 518 423)
3(595 409 407)
3(415 416 408)
3(211 595 407)
3(336 459 335)
3(456 396 232)
3(457 231 514)
3(558 218 215)
3(468 499 501)
3(86 578 536)
3(351 368 119)
3(442 440 397)
3(315 519 412)
3(524 516 527)
3(622 238 144)
3(239 241 238)
3(120 121 124)
3(589 279 588)
3(542 256 254)
3(371 384 621)
3(619 183 174)
3(453 454 174)
3(514 503 458)
3(396 456 399)
3(400 188 189)
3(338 340 320)
3(620 185 469)
3(186 189 185)
3(103 342 378)
3(378 195 92)
3(498 497 426)
3(434 274 272)
3(320 97 319)
3(200 201 265)
3(379 266 378)
3(405 313 223)
3(414 222 315)
3(93 602 257)
3(92 257 258)
3(388 609 450)
3(445 509 450)
3(193 430 357)
3(252 357 358)
3(316 317 326)
3(338 317 318)
3(600 431 298)
3(98 278 296)
3(614 306 96)
3(304 305 329)
3(277 304 177)
3(297 278 175)
3(401 181 394)
3(577 392 381)
3(229 85 130)
3(229 469 185)
3(359 360 362)
3(462 512 361)
3(171 616 173)
3(174 172 619)
3(143 146 135)
3(105 106 135)
3(207 593 618)
3(209 618 234)
3(176 178 617)
3(298 617 601)
3(496 363 293)
3(291 294 497)
3(347 285 87)
3(90 91 264)
3(173 616 561)
3(282 561 616)
3(391 615 389)
3(182 180 615)
3(96 306 304)
3(269 268 614)
3(328 605 220)
3(176 177 179)
3(112 265 379)
3(255 128 380)
3(366 591 590)
3(613 438 591)
3(486 133 573)
3(275 276 486)
3(298 431 297)
3(540 137 600)
3(108 145 143)
3(230 160 159)
3(281 612 611)
3(206 163 473)
3(267 140 259)
3(202 268 259)
3(272 529 434)
3(345 432 586)
3(246 245 589)
3(403 610 184)
3(401 402 404)
3(131 85 575)
3(192 391 387)
3(609 388 387)
3(545 414 413)
3(369 370 373)
3(547 307 608)
3(445 608 307)
3(456 458 155)
3(395 396 399)
3(276 273 433)
3(551 425 275)
3(342 103 100)
3(308 309 100)
3(212 213 587)
3(594 587 428)
3(225 226 228)
3(353 348 227)
3(145 160 607)
3(108 143 135)
3(178 606 360)
3(523 360 606)
3(564 605 113)
3(110 113 200)
3(567 568 243)
3(228 327 353)
3(348 353 241)
3(602 93 164)
3(161 95 547)
3(366 407 591)
3(595 211 208)
3(240 466 341)
3(464 465 341)
3(523 604 289)
3(424 491 288)
3(528 495 603)
3(220 563 219)
3(419 204 476)
3(164 418 602)
3(601 598 600)
3(599 107 598)
3(173 561 539)
3(474 472 446)
3(89 245 246)
3(377 375 149)
3(589 149 375)
3(225 227 322)
3(597 339 596)
3(115 116 119)
3(595 208 118)
3(448 388 450)
3(430 449 594)
3(593 210 365)
3(592 496 550)
3(591 584 590)
3(520 363 590)
3(589 588 149)
3(548 149 588)
3(250 252 358)
3(251 249 499)
3(587 213 344)
3(586 344 345)
3(435 436 439)
3(585 584 439)
3(502 503 148)
3(377 149 147)
3(191 193 252)
3(470 192 190)
3(261 262 264)
3(90 264 122)
3(583 571 367)
3(582 351 349)
3(231 457 232)
3(234 117 209)
3(552 484 581)
3(234 581 233)
3(249 358 534)
3(501 580 558)
3(82 1 579)
3(578 376 377)
3(537 536 150)
3(126 544 129)
3(128 129 111)
3(499 576 251)
3(577 251 576)
3(131 575 574)
3(574 537 573)
3(553 292 557)
3(559 557 292)
3(543 127 385)
3(369 572 385)
3(417 570 571)
3(367 571 570)
3(243 244 567)
3(569 568 567)
3(566 565 312)
3(519 546 518)
3(564 562 220)
3(563 220 562)
3(561 560 539)
3(555 455 184)
3(403 184 180)
3(494 218 558)
3(559 558 557)
3(81 507 104)
3(556 80 555)
3(242 554 337)
3(291 292 553)
3(529 426 294)
3(484 552 551)
3(498 425 550)
3(125 256 127)
3(386 127 256)
3(130 131 133)
3(486 276 133)
3(231 233 514)
3(458 457 514)
3(396 397 441)
3(232 441 116)
3(549 248 153)
3(548 152 502)
3(443 446 471)
3(547 471 161)
3(315 311 312)
3(546 519 312)
3(372 545 413)
3(412 413 414)
3(126 543 544)
3(517 544 543)
3(487 541 542)
3(386 542 541)
3(106 108 135)
3(136 137 540)
3(539 446 538)
3(173 538 390)
3(432 345 132)
3(273 274 433)
3(511 169 170)
3(515 537 150)
3(536 535 150)
3(533 534 358)
3(533 356 532)
3(493 325 323)
3(214 215 218)
3(531 354 428)
3(531 530 529)
3(528 527 495)
3(423 495 527)
3(526 525 524)
3(517 516 524)
3(490 235 236)
3(523 333 362)
3(262 522 121)
3(280 122 120)
3(521 494 520)
3(293 363 520)
3(519 518 411)
3(517 427 516)
3(515 513 483)
3(151 514 513)
3(460 512 462)
3(330 462 362)
3(169 511 510)
3(406 109 107)
3(106 107 109)
3(141 212 508)
3(509 508 450)
3(507 506 505)
3(465 504 263)
3(261 263 504)
3(458 503 502)
3(152 155 502)
3(501 215 468)
3(500 499 468)
3(498 496 497)
3(293 497 496)
3(421 422 491)
3(423 424 495)
3(494 493 218)
3(217 218 493)
3(422 492 490)
3(288 491 490)
3(454 489 282)
3(281 282 489)
3(488 487 477)
3(476 477 418)
3(486 483 484)
3(485 484 483)
3(473 482 206)
3(163 206 165)
3(166 240 479)
3(481 480 479)
3(475 70 478)
3(477 476 475)
3(474 473 163)
3(446 472 471)
3(391 192 470)
3(394 182 470)
3(440 441 397)
3(349 350 442)
3(132 345 469)
3(185 188 229)
3(468 216 467)
3(221 62 223)
3(341 466 464)
3(465 464 463)
3(462 330 331)
3(461 460 331)
3(416 459 438)
3(435 438 459)
3(458 456 457)
3(232 457 456)
3(174 455 453)
3(454 453 452)
3(120 123 451)
3(153 154 451)
3(450 449 448)
3(388 448 193)
3(447 446 443)
3(445 444 443)
3(442 350 440)
3(116 441 440)
3(439 438 435)
3(437 436 435)
3(434 432 274)
3(433 274 432)
3(296 431 326)
3(137 326 431)
3(430 429 354)
3(354 429 428)
3(411 427 413)
3(372 413 427)
3(236 333 290)
3(426 272 425)
3(273 275 425)
3(424 423 421)
3(422 421 420)
3(203 204 419)
3(165 419 418)
3(408 417 415)
3(416 415 335)
3(414 315 412)
3(413 412 411)
3(197 410 393)
3(402 393 410)
3(409 408 407)
3(366 211 407)
3(157 109 406)
3(313 405 314)
3(310 311 314)
3(404 403 401)
3(393 402 401)
3(340 84 400)
3(189 320 400)
3(152 153 156)
3(398 399 156)
3(399 398 395)
3(397 396 395)
3(394 392 393)
3(197 393 392)
3(391 389 390)
3(173 390 389)
3(388 193 194)
3(387 194 192)
3(386 384 127)
3(385 127 384)
3(382 67 383)
3(303 67 382)
3(250 251 253)
3(381 190 253)
3(380 379 378)
3(92 258 378)
3(377 376 374)
3(375 374 246)
3(373 372 369)
3(371 370 369)
3(110 265 112)
3(128 111 112)
3(119 350 351)
3(368 351 367)
3(210 366 364)
3(365 364 363)
3(362 361 359)
3(178 360 359)
3(358 357 355)
3(356 355 354)
3(134 135 352)
3(353 352 241)
3(202 200 305)
3(268 202 306)
3(351 350 349)
3(88 348 347)
3(346 187 343)
3(345 344 343)
3(196 195 342)
3(100 309 342)
3(284 341 286)
3(91 87 286)
3(83 340 339)
3(296 317 338)
3(320 319 338)
3(337 334 335)
3(336 335 334)
3(333 236 237)
3(332 331 330)
3(177 329 328)
3(220 179 328)
3(327 228 138)
3(137 138 326)
3(325 324 323)
3(227 321 322)
3(246 322 321)
3(189 97 320)
3(296 319 98)
3(318 317 316)
3(138 226 316)
3(315 313 311)
3(314 311 313)
3(312 311 310)
3(101 141 308)
3(309 308 307)
3(306 305 304)
3(277 96 304)
3(303 302 301)
3(300 243 299)
3(175 298 297)
3(278 297 296)
3(295 294 291)
3(293 292 291)
3(290 289 288)
3(73 205 287)
3(93 257 92)
3(241 239 284)
3(286 285 284)
3(283 282 281)
3(280 279 122)
3(245 122 279)
3(98 96 277)
3(278 277 175)
3(276 275 273)
3(274 273 272)
3(199 271 270)
3(271 9 270)
3(269 189 186)
3(259 268 267)
3(102 103 266)
3(266 265 201)
3(264 263 261)
3(262 261 260)
3(140 99 259)
3(258 257 254)
3(256 255 254)
3(253 252 250)
3(251 250 249)
3(156 248 247)
3(246 88 89)
3(90 245 89)
3(244 243 242)
3(241 146 238)
3(240 239 238)
3(237 236 235)
3(234 233 231)
3(232 117 231)
3(159 158 230)
3(229 84 85)
3(228 227 225)
3(226 225 224)
3(223 222 221)
3(220 219 179)
3(178 179 219)
3(218 217 214)
3(216 215 214)
3(213 212 142)
3(101 139 142)
3(211 210 207)
3(209 208 207)
3(165 206 203)
3(205 204 203)
3(202 201 200)
3(199 198 197)
3(196 94 195)
3(194 193 191)
3(192 191 190)
3(189 188 185)
3(187 186 185)
3(184 183 180)
3(182 181 180)
3(179 178 176)
3(177 176 175)
3(33 123 124)
3(174 171 172)
3(173 172 171)
3(170 169 167)
3(168 167 166)
3(165 164 162)
3(163 162 161)
3(160 145 159)
3(108 159 145)
3(158 109 157)
3(156 155 152)
3(154 153 152)
3(151 150 147)
3(149 148 147)
3(146 143 144)
3(145 144 143)
3(142 141 101)
3(99 140 139)
3(138 137 136)
3(135 134 105)
3(133 132 130)
3(85 131 130)
3(129 128 125)
3(127 126 125)
3(124 123 120)
3(122 121 120)
3(119 118 115)
3(117 116 115)
3(114 113 110)
3(112 111 110)
3(109 108 106)
3(107 106 105)
3(81 104 80)
3(103 102 99)
3(101 100 99)
3(98 97 96)
3(95 93 94)
3(94 93 92)
3(91 90 89)
3(89 88 87)
3(86 85 83)
3(85 84 83)
3(82 81 80)
3(719 851 718)
3(933 719 1275)
3(1227 1198 1264)
3(1227 1131 1130)
3(1177 1178 1175)
3(1177 1000 1002)
3(1182 732 1221)
3(1182 1181 1224)
3(851 850 717)
3(941 1199 937)
3(941 1178 1179)
3(1253 1125 1127)
3(1268 1253 790)
3(882 1136 936)
3(936 1136 934)
3(1158 803 1106)
3(1106 803 1274)
3(1257 927 929)
3(927 1258 1282)
3(725 1152 724)
3(1236 1231 1230)
3(1231 1167 1085)
3(1211 1066 702)
3(1211 1192 1067)
3(1261 828 1116)
3(1261 1265 826)
3(1091 1254 1089)
3(1091 1155 953)
3(780 973 998)
3(973 780 782)
3(1237 1259 1053)
3(1237 1230 1084)
3(737 733 735)
3(737 909 932)
3(830 1201 1256)
3(830 829 1101)
3(1172 1174 1170)
3(1172 1208 1249)
3(1210 1251 866)
3(1210 760 759)
3(1191 1291 1019)
3(1191 1060 867)
3(913 915 914)
3(915 835 1260)
3(1199 1179 1180)
3(1179 1002 1004)
3(1120 1185 1092)
3(1120 1119 1206)
3(1226 1180 895)
3(1226 1203 1199)
3(853 1239 856)
3(1239 1238 1011)
3(1209 1249 1208)
3(1209 1250 1269)
3(1244 1245 1007)
3(1244 1186 753)
3(992 859 989)
3(992 785 788)
3(1224 1181 1023)
3(1224 1243 732)
3(1159 797 796)
3(1159 1272 1160)
3(1055 1216 1014)
3(1055 1054 1063)
3(1219 1220 779)
3(1219 1161 1183)
3(1196 1197 1071)
3(1196 1238 1198)
3(1242 964 985)
3(1242 872 962)
3(1255 1093 1033)
3(1255 1090 1089)
3(1206 929 928)
3(1206 1119 1128)
3(985 964 986)
3(1243 870 1242)
3(1270 775 757)
3(1270 1171 1190)
3(847 912 748)
3(847 748 905)
3(1281 658 863)
3(863 658 969)
3(1200 665 888)
3(888 665 946)
3(1280 675 1044)
3(1044 675 893)
3(681 1168 680)
3(908 681 906)
3(816 687 1278)
3(1278 687 688)
3(660 1082 970)
3(660 970 659)
3(1051 707 869)
3(869 707 708)
3(705 1051 960)
3(705 960 704)
3(659 970 969)
3(659 969 658)
3(849 851 933)
3(883 698 881)
3(701 1068 700)
3(1274 694 695)
3(702 1066 701)
3(1127 690 691)
3(1113 655 656)
3(1088 672 673)
3(995 671 672)
3(703 1212 702)
3(1291 709 710)
3(1019 710 711)
3(1273 683 1156)
3(1271 723 1151)
3(651 1048 1050)
3(726 648 649)
3(1156 684 1157)
3(682 906 681)
3(1126 689 690)
3(678 1195 677)
3(1283 662 982)
3(722 1282 721)
3(867 708 709)
3(663 982 662)
3(679 769 678)
3(804 693 694)
3(652 1056 1048)
3(947 714 715)
3(704 956 703)
3(1016 711 712)
3(685 1157 684)
3(692 876 806)
3(720 1275 719)
3(814 688 689)
3(664 980 663)
3(728 647 648)
3(1214 668 669)
3(949 713 714)
3(844 653 654)
3(680 770 679)
3(945 667 668)
3(725 1225 1152)
3(723 724 1276)
3(720 721 1258)
3(717 718 851)
3(716 717 1286)
3(715 716 1124)
3(947 949 714)
3(712 713 1029)
3(1019 1291 710)
3(704 960 956)
3(701 1066 1068)
3(699 700 1138)
3(697 698 883)
3(696 697 978)
3(695 696 1107)
3(692 693 876)
3(691 692 1287)
3(1127 1126 690)
3(1126 814 689)
3(814 1278 688)
3(816 1277 687)
3(685 1277 1157)
3(678 769 1195)
3(676 677 1284)
3(674 675 1280)
3(673 674 1289)
3(670 671 1279)
3(669 670 1215)
3(1214 945 668)
3(945 946 667)
3(664 665 1200)
3(660 661 1083)
3(656 657 1285)
3(654 655 916)
3(650 651 1288)
3(649 650 1202)
3(726 728 648)
3(646 1225 725)
3(1276 1151 723)
3(1258 1257 720)
3(1286 1121 716)
3(1124 947 715)
3(1029 1016 712)
3(1019 711 1016)
3(1290 707 1051)
3(706 1290 705)
3(1138 881 699)
3(881 698 699)
3(978 977 696)
3(1107 1274 695)
3(1287 1127 691)
3(686 1277 685)
3(1284 893 676)
3(893 675 676)
3(1289 1088 673)
3(1279 1229 670)
3(1215 1214 669)
3(666 946 665)
3(660 1083 1082)
3(1285 1113 656)
3(916 844 654)
3(1288 1256 650)
3(1202 726 649)
3(1110 815 1112)
3(646 647 1225)
3(686 687 1277)
3(666 667 946)
3(706 707 1290)
3(1291 867 709)
3(867 1291 1191)
3(1288 651 1050)
3(1202 1256 1201)
3(819 818 1035)
3(1047 1039 1040)
3(1213 1215 1229)
3(1228 671 995)
3(1151 1276 1152)
3(827 1049 1047)
3(844 916 845)
3(928 1207 1206)
3(917 655 1113)
3(1271 1282 722)
3(1034 1033 840)
3(857 856 1012)
3(1285 862 1113)
3(664 1200 980)
3(1085 1084 1230)
3(1289 674 1280)
3(1071 919 918)
3(1076 1094 839)
3(680 1168 770)
3(1283 661 662)
3(1264 880 1227)
3(1284 894 893)
3(1286 1122 1121)
3(1273 906 682)
3(775 772 771)
3(910 909 737)
3(1067 1066 1211)
3(1156 683 684)
3(1016 1029 1017)
3(1211 702 1212)
3(1030 1031 1017)
3(1189 1163 1218)
3(1133 900 1188)
3(1245 1158 1007)
3(1274 804 694)
3(1287 806 1253)
3(1287 1253 1127)
3(942 965 984)
3(1268 886 1125)
3(910 768 767)
3(1112 813 812)
3(1155 787 954)
3(1271 1151 1098)
3(1273 1156 1109)
3(975 759 846)
3(1175 941 940)
3(1200 983 980)
3(1132 921 1130)
3(743 965 744)
3(881 1138 1136)
3(1134 947 1124)
3(832 915 913)
3(1113 1146 917)
3(1154 1240 858)
3(963 972 942)
3(1181 793 1023)
3(842 741 1193)
3(1205 939 938)
3(744 924 923)
3(784 972 962)
3(779 778 1079)
3(1077 943 942)
3(1093 1036 1033)
3(911 1025 912)
3(1142 1196 1144)
3(989 991 1266)
3(971 1085 1167)
3(886 1268 884)
3(1249 1174 1172)
3(1128 929 1206)
3(1270 757 760)
3(745 747 785)
3(1272 879 1160)
3(793 1181 796)
3(948 1267 1028)
3(1024 1026 904)
3(1289 1280 1043)
3(1272 1131 879)
3(1056 844 843)
3(1076 1003 1001)
3(1251 975 974)
3(1129 1219 1132)
3(1078 1079 778)
3(992 786 785)
3(1095 1154 1096)
3(999 874 873)
3(804 876 693)
3(908 910 767)
3(891 1235 925)
3(1166 1231 1236)
3(1206 1185 1120)
3(1247 1007 1005)
3(978 883 976)
3(800 1194 798)
3(1102 1045 801)
3(1064 811 810)
3(860 862 1281)
3(1270 1190 775)
3(1073 1018 1218)
3(1014 1241 1055)
3(995 672 1088)
3(1049 827 826)
3(652 653 1056)
3(1138 700 1068)
3(1220 777 779)
3(732 985 729)
3(753 1186 751)
3(821 944 1263)
3(954 747 746)
3(807 1118 1117)
3(1080 1176 1175)
3(1205 1140 1166)
3(952 914 1260)
3(1209 865 1250)
3(763 855 761)
3(1219 1129 1161)
3(788 859 992)
3(833 913 786)
3(749 746 745)
3(975 1251 759)
3(887 931 930)
3(812 886 1112)
3(980 982 663)
3(1054 1259 1062)
3(1271 722 723)
3(1100 820 817)
3(1273 682 683)
3(932 909 1111)
3(870 872 1242)
3(1129 1272 1159)
3(837 840 838)
3(1265 1035 818)
3(1089 1093 1255)
3(857 854 853)
3(1142 1011 1238)
3(792 781 998)
3(892 734 967)
3(1074 1177 1176)
3(779 1079 922)
3(1267 1032 1030)
3(1248 1123 1064)
3(1148 1104 801)
3(765 996 1086)
3(1147 895 1145)
3(843 1223 1038)
3(824 1263 1005)
3(1007 1108 1008)
3(833 832 913)
3(875 1046 834)
3(1210 1208 1172)
3(1162 1173 1164)
3(1190 1171 1170)
3(1189 773 772)
3(1247 944 1246)
3(1247 1005 1263)
3(1199 1180 1226)
3(937 939 1143)
3(810 741 739)
3(1118 807 809)
3(1240 1154 1095)
3(1117 1089 1254)
3(1123 1248 1133)
3(1286 717 850)
3(1204 1203 1226)
3(1285 657 1281)
3(802 801 1045)
3(1284 677 1195)
3(1108 1106 977)
3(870 1022 968)
3(964 984 986)
3(793 797 794)
3(1021 1235 892)
3(1261 1035 1265)
3(1116 1040 1027)
3(1259 1054 1053)
3(761 854 764)
3(1002 1178 1177)
3(1232 1176 1080)
3(842 955 988)
3(824 1252 865)
3(975 950 823)
3(1269 1249 1209)
3(756 760 757)
3(1130 921 1197)
3(855 1264 853)
3(983 1061 981)
3(1099 1153 1101)
3(705 1290 1051)
3(959 868 961)
3(1220 1183 1221)
3(731 1221 732)
3(1175 1178 941)
3(1196 1198 1197)
3(1004 1002 1001)
3(899 1027 1223)
3(1195 769 1097)
3(933 852 849)
3(1257 1275 720)
3(1281 657 658)
3(872 874 784)
3(792 998 887)
3(1188 902 1032)
3(846 756 911)
3(1115 776 875)
3(1232 1080 1078)
3(877 880 763)
3(1086 762 765)
3(901 771 902)
3(1250 865 1252)
3(1093 1184 1036)
3(1254 1193 1117)
3(856 1011 1010)
3(1166 939 1205)
3(1289 1043 1088)
3(854 761 855)
3(1269 1070 1141)
3(1218 1018 1015)
3(1017 1028 1267)
3(844 1056 653)
3(836 1116 1027)
3(886 930 987)
3(787 858 788)
3(1232 1233 1074)
3(1153 1099 1098)
3(815 1110 1109)
3(890 1061 983)
3(1176 1232 1074)
3(1175 1072 918)
3(750 1101 1153)
3(1256 1288 1050)
3(1192 1069 1067)
3(1213 1063 890)
3(1229 1279 1228)
3(794 1148 1194)
3(796 1161 1159)
3(994 873 967)
3(1023 1021 1020)
3(906 1273 1150)
3(1282 1271 1135)
3(929 1128 1257)
3(1283 982 1105)
3(1082 971 970)
3(790 792 884)
3(1287 692 806)
3(948 1032 1267)
3(1122 1286 850)
3(1124 1121 1134)
3(862 1285 1281)
3(862 861 1114)
3(802 1044 893)
3(894 1284 1195)
3(894 799 802)
3(1280 1044 1041)
3(1107 696 977)
3(978 697 883)
3(1017 1029 1028)
3(1028 949 948)
3(1269 935 934)
3(1042 878 1087)
3(868 959 869)
3(956 958 1212)
3(1063 1213 1217)
3(1101 750 1201)
3(1073 1218 1163)
3(1216 1013 1014)
3(1215 670 1229)
3(1069 1192 1164)
3(1137 1067 1070)
3(1265 829 826)
3(1202 650 1256)
3(767 770 1168)
3(1253 791 790)
3(1128 1275 1257)
3(651 652 1048)
3(1017 1031 1015)
3(1068 1137 1136)
3(981 1062 1105)
3(1105 1081 1283)
3(1109 1111 1150)
3(1150 907 906)
3(1126 812 814)
3(1098 1100 1135)
3(1135 927 1282)
3(1278 814 813)
3(1151 1153 1098)
3(1214 889 945)
3(1061 890 1063)
3(1156 815 1109)
3(1083 1283 1081)
3(1083 661 1283)
3(1258 721 1282)
3(908 1168 681)
3(1122 1065 1064)
3(1097 799 1195)
3(1281 863 860)
3(1274 1107 1106)
3(1229 1228 1013)
3(1229 1217 1213)
3(1019 1018 1191)
3(867 1060 868)
3(703 956 1212)
3(958 1192 1211)
3(1256 1050 1049)
3(1201 750 726)
3(1269 1250 935)
3(1043 1280 1041)
3(1222 917 1146)
3(1146 1145 1222)
3(1187 947 1134)
3(1228 997 1013)
3(1279 671 1228)
3(813 816 1278)
3(1157 1277 816)
3(1276 724 1152)
3(727 1152 1225)
3(1152 727 1153)
3(1225 728 727)
3(946 889 888)
3(890 983 888)
3(807 810 808)
3(1065 849 811)
3(1275 1128 933)
3(1169 1006 1008)
3(976 979 1008)
3(1169 936 935)
3(1133 1248 903)
3(1134 1133 1187)
3(1032 948 1187)
3(751 782 780)
3(804 755 805)
3(803 804 1274)
3(1204 1140 1205)
3(1139 863 969)
3(1167 1140 1139)
3(1162 1164 1057)
3(1165 1058 1057)
3(958 961 1165)
3(925 1234 926)
3(1097 926 800)
3(1097 766 926)
3(895 1147 1226)
3(1027 1040 1038)
3(1222 1223 845)
3(1266 991 1115)
3(986 966 1046)
3(1261 1116 1037)
3(1223 897 899)
3(1268 1125 1253)
3(973 999 998)
3(1024 749 912)
3(842 1193 953)
3(839 898 1003)
3(1240 1075 1074)
3(732 1243 985)
3(962 964 1242)
3(1025 758 1026)
3(1024 841 988)
3(820 1101 829)
3(827 1040 828)
3(1263 822 821)
3(1260 743 742)
3(783 1246 1077)
3(1158 1245 1052)
3(738 740 841)
3(904 901 900)
3(883 979 976)
3(1169 1250 1252)
3(846 951 975)
3(923 821 823)
3(898 837 836)
3(1004 896 895)
3(870 1243 1224)
3(782 784 973)
3(729 986 730)
3(1046 875 730)
3(1111 987 932)
3(733 993 734)
3(926 1234 800)
3(768 736 891)
3(928 1100 1262)
3(1184 1185 819)
3(1133 903 900)
3(901 904 1026)
3(1084 1062 1259)
3(1010 1236 1012)
3(994 967 734)
3(887 993 931)
3(1014 765 764)
3(762 878 763)
3(990 1233 1232)
3(1240 1076 1075)
3(776 1115 778)
3(1266 833 989)
3(1239 1264 1238)
3(1236 1010 1009)
3(1063 1216 1055)
3(1241 1014 764)
3(886 885 930)
3(887 994 993)
3(1198 1238 1264)
3(879 1131 1227)
3(1260 835 743)
3(847 905 848)
3(1222 845 917)
3(1113 1114 1146)
3(968 1020 892)
3(870 1224 1022)
3(1076 1095 1094)
3(1096 1090 1255)
3(848 952 951)
3(1179 1199 941)
3(1147 861 1204)
3(754 805 755)
3(753 1052 1245)
3(1187 948 947)
3(1121 1123 1134)
3(1169 979 936)
3(1269 1141 1249)
3(787 1155 1154)
3(858 1240 1233)
3(797 1149 794)
3(1221 1183 1182)
3(842 953 955)
3(740 741 842)
3(1036 1037 1033)
3(1093 1092 1184)
3(823 825 974)
3(1210 1172 1171)
3(931 733 932)
3(1109 1150 1273)
3(1270 760 1210)
3(774 1026 758)
3(971 1082 1085)
3(1160 1149 797)
3(1129 1131 1272)
3(1112 815 813)
3(812 1126 1125)
3(786 992 833)
3(745 905 748)
3(1144 1071 1072)
3(1011 1142 1009)
3(1155 954 953)
3(1096 1091 1090)
3(1100 817 1262)
3(1098 1135 1271)
3(1194 800 1234)
3(1194 795 794)
3(811 809 808)
3(810 807 741)
3(933 1128 852)
3(809 1120 1118)
3(968 871 870)
3(968 1022 1020)
3(1167 1139 971)
3(1231 1166 1167)
3(1189 1218 1031)
3(771 901 774)
3(1076 1001 1000)
3(1143 1072 940)
3(1186 782 751)
3(1244 1246 1186)
3(859 990 989)
3(833 1266 831)
3(1223 843 845)
3(898 836 899)
3(1210 1171 1270)
3(1174 1173 1170)
3(1007 1247 1244)
3(1158 1052 803)
3(1163 1190 1170)
3(1162 1057 1073)
3(934 1070 1269)
3(1069 1164 1173)
3(1053 1055 1241)
3(1054 1062 1061)
3(1053 1241 857)
3(981 1105 982)
3(878 1042 1102)
3(1160 877 1103)
3(861 864 1204)
3(1147 1145 1114)
3(1182 1224 732)
3(765 1014 997)
3(1043 1086 1088)
3(1058 1165 961)
3(1173 1162 1170)
3(790 884 1268)
3(884 887 885)
3(770 767 766)
3(1234 925 1235)
3(900 902 1188)
3(1267 1030 1017)
3(820 829 1265)
3(820 1100 1099)
3(1104 1149 1160)
3(1045 1102 1042)
3(835 834 1046)
3(966 986 984)
3(1115 831 1266)
3(831 835 832)
3(1024 988 749)
3(738 841 1024)
3(1072 1143 1144)
3(918 920 1080)
3(965 743 966)
3(911 847 846)
3(1024 912 1025)
3(869 959 1051)
3(961 868 1060)
3(903 1248 739)
3(904 903 738)
3(1096 1255 1034)
3(1096 1155 1091)
3(1003 1076 839)
3(1004 1003 898)
3(972 963 962)
3(964 963 984)
3(944 1077 1246)
3(942 924 744)
3(742 952 1260)
3(975 951 950)
3(823 950 923)
3(821 924 943)
3(1040 827 1047)
3(1027 1038 1223)
3(776 731 875)
3(831 1115 875)
3(1008 1006 1005)
3(1007 1158 1108)
3(819 1262 817)
3(1265 818 820)
3(781 792 789)
3(781 752 751)
3(1264 1239 853)
3(880 1264 855)
3(1263 824 822)
3(1247 1263 944)
3(939 1009 1142)
3(1143 940 937)
3(733 931 993)
3(910 737 736)
3(1207 1262 819)
3(1262 1207 928)
3(1035 1261 1037)
3(1261 826 828)
3(950 952 742)
3(1260 914 915)
3(866 1251 974)
3(825 823 822)
3(1025 911 758)
3(1026 774 901)
3(1236 1237 1012)
3(1237 1084 1259)
3(1219 779 1132)
3(1132 922 921)
3(943 1077 944)
3(1246 783 1186)
3(789 791 754)
3(805 806 876)
3(1257 1258 927)
3(1119 809 852)
3(905 786 913)
3(905 914 848)
3(1080 1175 918)
3(1232 1078 991)
3(1235 891 892)
3(830 1256 1049)
3(1050 1048 1047)
3(1221 731 777)
3(1033 1037 838)
3(1033 1034 1255)
3(1059 1060 1191)
3(1019 1016 1015)
3(1254 953 1193)
3(953 1254 1091)
3(801 1104 1102)
3(1045 1042 1041)
3(1079 919 922)
3(921 1071 1197)
3(746 749 988)
3(746 955 954)
3(1233 859 858)
3(1074 1233 1240)
3(874 872 871)
3(873 994 999)
3(1253 806 791)
3(781 789 754)
3(1006 1252 824)
3(1252 1006 1169)
3(759 1251 1210)
3(846 759 756)
3(889 1214 1213)
3(999 973 874)
3(887 999 994)
3(810 739 1248)
3(1193 741 807)
3(1237 1053 1012)
3(854 857 1241)
3(987 1112 886)
3(987 1111 1110)
3(935 1250 1169)
3(934 1137 1070)
3(1249 1141 1174)
3(865 1209 866)
3(1122 850 1065)
3(1248 1064 810)
3(1246 1244 1247)
3(1244 753 1245)
3(1185 1207 819)
3(1092 1118 1120)
3(892 891 735)
3(795 1021 1023)
3(1021 795 1235)
3(968 873 871)
3(1242 985 1243)
3(765 762 761)
3(764 854 1241)
3(1096 1034 1094)
3(1240 1095 1076)
3(1011 856 1239)
3(1196 1142 1238)
3(1236 1230 1237)
3(1236 1009 1166)
3(795 1234 1235)
3(1234 795 1194)
3(1004 898 896)
3(1145 895 897)
3(990 859 1233)
3(991 990 1232)
3(1085 1082 1081)
3(1085 1230 1231)
3(794 1149 1148)
3(793 795 1023)
3(898 839 837)
3(836 838 1116)
3(910 908 907)
3(768 910 736)
3(1013 1217 1229)
3(995 997 1228)
3(878 1103 877)
3(855 763 880)
3(1227 1130 1198)
3(879 1227 880)
3(1180 1004 895)
3(1204 1226 1147)
3(1225 647 728)
3(1023 1022 1224)
3(796 1182 1183)
3(775 1190 772)
3(757 775 774)
3(897 1222 1145)
3(1222 897 1223)
3(1220 1221 777)
3(1219 1183 1220)
3(1203 938 1199)
3(938 1203 1205)
3(1031 773 1189)
3(1031 1218 1015)
3(1217 1216 1063)
3(1216 1217 1013)
3(1213 890 889)
3(1213 1214 1215)
3(958 1211 1212)
3(1164 1192 1165)
3(866 1208 1210)
3(1208 866 1209)
3(1185 1206 1207)
3(830 1101 1201)
3(826 830 1049)
3(1204 864 1140)
3(1203 1204 1205)
3(750 1153 727)
3(1201 726 1202)
3(983 1200 888)
3(1199 938 937)
3(940 1072 1175)
3(1197 1198 1130)
3(1196 1071 1144)
3(773 902 771)
3(902 773 1032)
3(779 777 776)
3(779 922 1132)
3(1160 879 877)
3(1160 1103 1104)
3(1087 1043 1042)
3(762 1087 878)
3(799 894 1195)
3(1148 798 1194)
3(1117 1092 1089)
3(807 1117 1193)
3(958 957 961)
3(958 1165 1192)
3(1059 1191 1018)
3(1060 1059 1058)
3(1190 1189 772)
3(1189 1190 1163)
3(1188 1187 1133)
3(1187 1188 1032)
3(781 754 752)
3(1186 783 782)
3(1184 1092 1185)
3(1036 1184 819)
3(778 991 1078)
3(1079 920 919)
3(816 815 1157)
3(796 1183 1161)
3(796 1181 1182)
3(1004 1180 1179)
3(1178 1002 1179)
3(969 971 1139)
3(864 861 860)
3(1074 1000 1177)
3(1175 1176 1177)
3(1141 1173 1174)
3(1173 1141 1069)
3(1170 1171 1172)
3(1170 1162 1163)
3(882 881 1136)
3(1008 979 1169)
3(767 1168 908)
3(766 768 926)
3(1166 1140 1167)
3(1166 1009 939)
3(1057 1164 1165)
3(1162 1073 1163)
3(1129 1159 1161)
3(1159 1160 797)
3(1108 1158 1106)
3(1008 1108 976)
3(1156 1157 815)
3(753 755 1052)
3(755 753 752)
3(1154 858 787)
3(1096 1154 1155)
3(1151 1152 1153)
3(909 1150 1111)
3(1150 909 907)
3(1148 1149 1104)
3(1148 801 798)
3(1114 861 1147)
3(1114 1145 1146)
3(1143 1142 1144)
3(1142 1143 939)
3(1137 1068 1067)
3(1141 1070 1069)
3(864 1139 1140)
3(1139 864 863)
3(1136 1138 1068)
3(1136 1137 934)
3(928 1135 1100)
3(1135 928 927)
3(1123 1133 1134)
3(1064 1123 1122)
3(1130 1129 1132)
3(1129 1130 1131)
3(852 1128 1119)
3(811 852 809)
3(1125 886 812)
3(1125 1126 1127)
3(1124 716 1121)
3(1121 1122 1123)
3(809 1119 1120)
3(1117 1118 1092)
3(1116 838 1037)
3(1116 828 1040)
3(1043 1087 1086)
3(1088 996 995)
3(1115 991 778)
3(875 834 831)
3(1113 862 1114)
3(869 708 867)
3(1110 1112 987)
3(1109 1110 1111)
3(977 976 1108)
3(977 1106 1107)
3(1084 1105 1062)
3(1105 1084 1081)
3(1103 1102 1104)
3(1102 1103 878)
3(1099 1101 820)
3(1098 1099 1100)
3(1097 769 766)
3(1097 800 799)
3(1094 1095 1096)
3(839 1094 1034)
3(1089 1092 1093)
3(1089 1090 1091)
3(1086 996 1088)
3(1086 1087 762)
3(1081 1084 1085)
3(1081 1082 1083)
3(920 1078 1080)
3(1078 920 1079)
3(972 1077 942)
3(1077 972 783)
3(1000 1075 1076)
3(1074 1075 1000)
3(1059 1073 1057)
3(1073 1059 1018)
3(936 979 882)
3(1071 918 1072)
3(1071 921 919)
3(1067 1069 1070)
3(1066 1067 1068)
3(1065 850 849)
3(1064 1065 811)
3(1061 1063 1054)
3(981 1061 1062)
3(1058 961 1060)
3(1057 1058 1059)
3(1039 1056 843)
3(1056 1039 1048)
3(1053 1054 1055)
3(1053 857 1012)
3(1052 755 803)
3(960 1051 959)
3(960 957 956)
3(1047 1049 1050)
3(1047 1048 1039)
3(1046 730 986)
3(1046 966 835)
3(802 799 798)
3(802 1045 1044)
3(1041 1044 1045)
3(1041 1042 1043)
3(1039 1038 1040)
3(1038 1039 843)
3(1036 1035 1037)
3(1035 1036 819)
3(840 839 1034)
3(838 840 1033)
3(773 1030 1032)
3(1030 773 1031)
3(1029 713 1028)
3(1028 713 949)
3(899 897 896)
3(899 836 1027)
3(1024 1025 1026)
3(1024 904 738)
3(1020 1022 1023)
3(892 1020 1021)
3(1015 1018 1019)
3(1015 1016 1017)
3(758 911 756)
3(758 757 774)
3(997 996 765)
3(1013 997 1014)
3(1010 1012 856)
3(1009 1010 1011)
3(1005 1007 1008)
3(1005 1006 824)
3(1001 1003 1004)
3(1000 1001 1002)
3(998 781 780)
3(887 998 999)
3(951 846 848)
3(952 848 914)
3(995 996 997)
3(993 994 734)
3(989 833 992)
3(989 990 991)
3(988 841 842)
3(988 955 746)
3(932 987 930)
3(932 733 737)
3(985 986 729)
3(984 963 942)
3(984 965 966)
3(981 980 983)
3(980 981 982)
3(883 882 979)
3(976 977 978)
3(974 975 823)
3(974 825 866)
3(784 874 973)
3(972 784 783)
3(969 970 971)
3(968 967 873)
3(967 968 892)
3(966 743 835)
3(744 965 942)
3(962 963 964)
3(962 872 784)
3(957 959 961)
3(959 957 960)
3(956 957 958)
3(954 787 747)
3(953 954 955)
3(950 951 952)
3(950 742 923)
3(947 948 949)
3(945 889 946)
3(943 944 821)
3(942 943 924)
3(937 940 941)
3(937 938 939)
3(934 935 936)
3(933 851 719)
3(738 903 739)
3(930 885 887)
3(930 931 932)
3(927 928 929)
3(768 925 926)
3(925 768 891)
3(923 742 744)
3(821 923 924)
3(919 921 922)
3(918 919 920)
3(916 917 845)
3(916 655 917)
3(832 835 915)
3(913 914 905)
3(912 749 748)
3(847 911 912)
3(907 909 910)
3(906 907 908)
3(905 745 786)
3(900 903 904)
3(900 901 902)
3(896 898 899)
3(895 896 897)
3(893 894 802)
3(735 734 892)
3(735 891 736)
3(888 889 890)
3(884 792 887)
3(884 885 886)
3(881 882 883)
3(877 879 880)
3(877 763 878)
3(876 804 805)
3(731 730 875)
3(871 873 874)
3(870 871 872)
3(867 868 869)
3(825 865 866)
3(865 825 824)
3(860 863 864)
3(860 861 862)
3(788 858 859)
3(788 785 747)
3(853 856 857)
3(853 854 855)
3(849 852 811)
3(849 850 851)
3(846 847 848)
3(843 844 845)
3(841 740 842)
3(837 839 840)
3(836 837 838)
3(831 834 835)
3(831 832 833)
3(826 829 830)
3(826 827 828)
3(822 824 825)
3(821 822 823)
3(770 769 679)
3(818 817 820)
3(817 818 819)
3(813 815 816)
3(812 813 814)
3(808 810 811)
3(807 808 809)
3(805 791 806)
3(791 805 754)
3(803 755 804)
3(798 801 802)
3(798 799 800)
3(793 796 797)
3(793 794 795)
3(790 789 792)
3(789 790 791)
3(747 787 788)
3(785 786 745)
3(782 783 784)
3(751 780 781)
3(776 778 779)
3(776 777 731)
3(771 774 775)
3(771 772 773)
3(766 769 770)
3(766 767 768)
3(761 764 765)
3(761 762 763)
3(756 759 760)
3(756 757 758)
3(752 754 755)
3(751 752 753)
3(726 750 727)
3(745 748 749)
3(745 746 747)
3(742 743 744)
3(740 739 741)
3(738 739 740)
3(735 736 737)
3(733 734 735)
3(729 731 732)
3(729 730 731)
3(726 727 728)
)
