FoamFile
{
    version     2.0;
    format      ascii;
    class       labelList;
    location    "constant/polyMesh";
    object      neighbour;
}

1775      
(
 14 16 29 52 58 73 74 79 81 83
 85 89 91 93 95 96 97 97 102 115
 121 128 130 139 142 142 145 145 147 147
 147 148 148 149 149 151 154 156 156 157
 157 158 158 159 160 161 161 163 167 167
 168 169 175 175 176 177 177 178 179 180
 180 181 181 182 182 183 185 186 186 187
 188 188 189 189 190 191 192 192 193 193
 194 195 195 196 197 197 198 198 199 199
 200 201 201 203 204 204 205 205 206 206
 207 207 208 208 208 209 209 210 214 215
 217 218 219 220 223 224 224 225 226 226
 229 229 230 231 232 233 234 236 237 237
 238 238 239 240 240 244 245 245 247 247
 247 253 254 257 260 261 262 263 266 273
 277 278 279 279 280 280 281 283 284 287
 288 293 294 297 297 298 300 301 301 308
 308 310 311 311 312 313 314 314 315 317
 324 326 326 327 327 330 330 332 333 333
 335 335 337 337 338 339 339 340 342 343
 343 345 349 358 358 360 362 365 365 366
 366 366 369 370 370 371 372 373 373 374
 375 376 377 377 380 383 383 385 385 387
 387 388 392 392 393 394 398 398 398 401
 402 402 402 403 403 404 406 407 408 408
 409 409 411 415 417 419 419 420 421 423
 423 424 424 425 425 427 428 429 429 429
 430 434 435 436 437 437 437 439 440 440
 441 443 445 448 449 450 450 451 452 454
 454 454 455 455 456 456 457 458 458 458
 460 461 461 463 464 464 465 465 465 466
 466 467 470 472 473 474 474 475 476 476
 476 477 479 480 480 480 481 482 483 483
 484 484 485 488 490 491 493 493 494 495
 495 496 497 497 498 498 499 500 500 500
 501 501 501 502 502 504 505 505 506 506
 507 508 508 509 510 511 511 511 512 513
 514 515 515 516 516 517 518 519 520 521
 521 521 522 522 523 523 524 524 524 525
 526 527 528 529 532 532 536 537 538 539
 541 541 542 543 545 550 551 551 552 554
 556 557 558 558 558 559 561 564 564 565
 565 568 570 573 576 576 577 578 582 582
 583 585 586 588 588 592 592 593 593 594
 596 596 597 600 601 602 603 604 605 606
 606 607 607 608 609 610 610 610 611 611
 612 612 613 614 614 615 617 617 618 619
 621 621 621 623 624 625 625 626 627 628
 628 629 630 631 632 632 633 633 634 635
 636 638 640 640 640 641 641 642 643 643
 644 645 645 646 646 647 648 648 649 651
 652 652 653 654 654 655 655 655 656 656
 657 659 659 660 660 661 662 663 663 664
 664 665 665 666 667 668 670 670 671 672
 673 674 674 675 676 676 676 677 678 678
 679 679 680 681 682 682 683 683 684 685
 686 687 687 688 690 691 692 692 692 693
 694 695 695 696 696 697 697 697 699 700
 700 701 701 702 702 702 703 703 704 705
 706 706 707 708 708 709 709 711 711 712
 712 713 713 715 716 717 717 718 718 719
 719 720 722 723 723 724 724 724 725 726
 726 727 728 728 729 730 730 731 731 732
 732 734 734 734 735 735 735 736 737 737
 738 739 739 740 741 741 742 744 744 744
 745 745 746 746 747 747 747 748 749 749
 750 750 750 751 752 753 753 753 754 754
 755 755 756 757 757 757 758 758 759 760
 760 761 761 761 762 763 763 763 764 764
 765 766 766 767 767 769 770 770 770 772
 773 774 774 774 775 776 776 777 777 778
 779 780 781 781 781 782 783 784 784 785
 785 785 786 786 787 788 789 789 790 790
 791 792 793 793 793 794 795 795 796 796
 797 797 798 799 799 799 800 800 800 801
 801 802 803 803 804 804 805 805 806 806
 807 807 808 808 809 809 810 811 811 811
 812 812 813 813 814 815 815 816 816 816
 817 817 817 818 818 818 819 819 820 820
 821 822 823 823 824 825 825 825 826 827
 827 827 828 829 829 829 830 830 830 831
 831 831 832 832 832 833 833 834 834 835
 835 835 836 836 837 838 838 838 839 839
 840 841 841 841 842 842 843 843 844 844
 845 846 847 847 847 848 848 849 849 850
 851 851 851 852 852 853 853 854 854 855
 855 855 856 856 856 857 857 858 859 859
 860 861 861 862 862 862 863 863 863 864
 864 864 865 866 866 867 867 868 868 868
 869 869 870 870 870 871 871 872 872 872
 873 873 873 874 875 875 876 876 876 877
 877 877 878 878 878 879 879 880 880 881
 881 881 882 882 883 883 883 884 884 884
 885 885 886 886 886 887 887 887 888 888
 888 889 890 890 891 892 892 892 893 893
 894 894 895 896 896 897 897 897 898 898
 899 900 900 900 901 902 902 902 903 903
 904 905 905 906 906 906 907 907 908 908
 908 909 909 910 910 911 911 911 912 912
 913 913 914 915 916 916 916 917 917 917
 918 918 918 919 919 919 920 920 921 922
 922 923 923 923 924 924 925 925 926 926
 926 927 927 928 928 929 929 929 930 930
 930 931 932 932 932 933 933 933 934 934
 934 935 935 935 936 936 936 937 937 937
 938 938 938 939 939 940 940 940 941 942
 943 943 943 944 944 944 945 945 945 946
 946 947 947 948 948 948 949 949 950 950
 950 951 951 951 952 952 953 953 953 954
 954 955 955 956 956 957 957 958 958 958
 959 959 959 960 960 961 961 962 962 962
 963 963 964 964 965 965 965 966 966 966
 967 967 968 968 968 969 969 969 970 970
 970 971 971 971 972 972 972 973 973 973
 974 974 974 975 975 975 976 976 977 978
 978 978 979 979 980 980 980 981 981 982
 982 982 983 983 983 984 984 985 985 985
 986 986 987 987 988 988 989 989 989 990
 990 990 991 991 991 992 992 993 993 994
 994 994 995 995 996 996 996 997 997 997
 998 998 998 999 999 999 1000 1000 1000 1001
 1001 1001 1002 1002 1003 1003 1003 1004 1004 1005
 1005 1006 1006 1007 1007 1007 1008 1009 1009 1009
 1010 1010 1011 1011 1011 1012 1012 1013 1013 1013
 1014 1014 1014 1015 1015 1016 1016 1016 1017 1017
 1017 1018 1018 1018 1019 1019 1019 1020 1020 1020
 1021 1022 1022 1023 1023 1023 1024 1024 1024 1025
 1025 1026 1026 1027 1028 1028 1028 1029 1029 1029
 1030 1030 1030 1031 1031 1032 1033 1033 1034 1034
 1034 1035 1035 1035 1036 1036 1037 1037 1037 1038
 1038 1039 1039 1039 1040 1040 1041 1041 1041 1042
 1042 1043 1043 1043 1044 1044 1045 1045 1045 1046
 1047 1047 1047 1048 1048 1048 1049 1049 1049 1050
 1050 1050 1051 1051 1051 1052 1052 1052 1053 1053
 1053 1054 1054 1055 1055 1056 1056 1057 1057 1057
 1058 1058 1058 1059 1059 1059 1060 1060 1060 1061
 1061 1061 1062 1062 1062 1063 1063 1063 1064 1064
 1065 1065 1065 1066 1066 1067 1067 1067 1068 1068
 1068 1069 1069 1069 1070 1070 1070 1071 1071 1071
 1072 1072 1073 1073 1073 1074 1074 1075 1075 1075
 1076 1076 1076 1077 1077 1077 1078 1078 1078 1079
 1079 1080 1080 1080 1081 1081 1082 1082 1082 1083
 1083 1083 1084 1084 1085 1085 1085 1086 1086 1087
 1087 1087 1088 1088 1089 1089 1089 1090 1090 1090
 1091 1091 1091 1092 1092 1092 1093 1093 1093 1094
 1094 1095 1095 1095 1096 1096 1096 1097 1097 1098
 1098 1098 1099 1099 1099 1100 1100 1101 1101 1101
 1102 1102 1102 1103 1103 1103 1104 1104 1104 1105
 1105 1105 1106 1106 1106 1107 1107 1107 1108 1108
 1108 1109 1109 1110 1110 1110 1111 1111 1111 1112
 1112 1112 1113 1113 1114 1114 1114 1115 1115 1116
 1116 1116 1117 1117 1117 1118 1118 1118 1119 1119
 1120 1120 1120 1121 1121 1121 1122 1122 1122 1123
 1123 1124 1124 1124 1125 1125 1125 1126 1126 1126
 1127 1127 1128 1128 1128 1129 1129 1129 1130 1130
 1130 1131 1131 1131 1132 1132 1132 1133 1133 1134
 1134 1135 1135 1135 1136 1136 1136 1137 1137 1137
 1138 1138 1138 1139 1139 1139 1140 1140 1140 1141
 1141 1141 1142 1142 1143 1143 1143 1144 1144 1144
 1145 1145 1145 1146 1146 1147 1147 1148 1148 1148
 1149 1149 1149 1150 1150 1150 1151 1151 1152 1152
 1152 1153 1153 1153 1154 1154 1154 1155 1155 1155
 1156 1156 1156 1157 1157 1157 1158 1158 1158 1159
 1159 1159 1160 1160 1160 1161 1161 1161 1162 1162
 1162 1163 1163 1163 1164 1164 1164 1165 1165 1165
 1166 1166 1166 1167 1167 1168 1168 1169 1169 1169
 1170 1170 1170 1171 1171 1171 1172 1172 1172 1173
 1173 1173 1174 1174 1175 1175 1175 1176 1176 1176
 1177 1177 1177 1178 1178 1178 1179 1179 1179 1180
 1180 1180 1181 1181 1182 1182 1182 1183 1183 1183
 1184 1184 1184 1185 1185 1185 1186 1186 1186 1187
 1187 1187 1188 1188 1188 1189 1189 1189 1190 1190
 1190 1191 1191 1191 1192 1192 1192 1193 1193 1193
 1194 1194 1194 1195 1195 1195 1196 1196 1196 1197
 1197 1197 1198 1198 1198 1199 1199 1200 1200 1200
 1201 1201 1201 1202 1202 1202 1203 1203 1204 1204
 1204 1205 1205 1205 1206 1206 1206 1207 1207 1208
 1208 1208 1209 1209 1209
)
