FoamFile
{
    version     2.0;
    format      ascii;
    class       labelList;
    location    "constant/polyMesh";
    object      owner;
}

4275      
(
 13 15 28 37 7 47 68 78 80 82
 84 88 90 92 94 91 96 81 22 87
 118 114 1 19 0 8 135 125 40 108
 109 95 126 102 100 99 129 116 103 131
 116 89 131 88 128 122 117 84 138 134
 138 82 133 113 139 111 140 141 143 125
 144 127 146 109 127 92 150 99 185 152
 101 153 103 155 160 162 85 191 105 164
 165 134 166 83 170 90 104 171 136 172
 173 113 174 176 159 190 168 196 183 184
 120 108 207 40 41 173 112 34 106 177
 199 72 104 119 198 169 132 31 164 163
 86 137 118 2 191 179 115 33 22 23
 110 114 181 22 107 54 123 101 246 11
 189 111 110 224 185 180 42 219 58 70
 21 249 36 37 72 73 76 61 266 226
 283 271 57 154 123 250 20 46 47 77
 76 62 106 105 216 124 150 100 64 55
 53 292 65 56 57 291 255 251 121 132
 220 111 234 110 33 69 75 61 211 70
 71 51 271 262 328 37 77 302 356 44
 48 49 320 264 295 26 351 143 8 49
 171 305 162 117 74 342 25 334 30 4
 5 321 52 53 281 258 184 183 94 6
 4 10 256 67 66 45 161 98 130 178
 375 80 346 388 353 324 390 273 371 268
 322 287 193 386 325 309 285 289 313 136
 384 397 202 396 388 433 348 397 200 209
 23 194 60 234 220 280 17 118 90 155
 129 246 350 285 233 373 261 223 375 307
 85 232 377 84 153 187 152 151 303 239
 428 285 399 442 439 309 242 62 166 194
 213 441 25 174 200 210 229 12 408 450
 124 112 241 451 448 157 18 449 158 434
 253 167 436 442 435 254 488 170 230 499
 141 119 18 86 87 406 80 307 188 16
 443 472 213 40 41 126 471 107 23 440
 473 53 468 287 463 263 517 261 507 165
 214 443 88 494 160 159 140 19 215 139
 525 525 83 436 483 1 372 519 455 29
 245 16 322 81 361 549 354 48 384 276
 24 405 249 11 12 28 267 59 316 68
 69 35 318 244 534 303 419 255 75 59
 29 359 338 548 549 536 243 575 286 334
 446 347 331 433 563 414 276 51 595 62
 63 310 598 431 597 67 604 2 288 3
 43 571 79 553 517 263 582 379 228 71
 44 9 10 540 573 538 519 457 535 426
 392 252 264 381 400 6 561 389 267 273
 420 360 489 448 254 281 39 566 452 277
 631 288 340 202 251 491 294 328 79 345
 252 27 619 336 590 492 449 253 304 588
 444 530 368 532 407 369 379 379 616 544
 277 300 21 242 418 290 539 317 55 56
 603 355 553 580 638 77 641 36 302 54
 573 15 362 545 426 468 477 361 310 334
 684 487 451 469 622 354 7 59 6 598
 424 546 547 361 677 453 278 12 481 548
 299 412 243 350 241 428 568 479 336 644
 305 688 359 555 380 673 554 567 560 574
 567 669 650 259 413 560 274 470 92 399
 510 536 619 27 653 290 228 562 562 265
 270 380 572 364 269 323 571 578 391 391
 579 569 216 212 552 355 405 414 709 414
 533 244 357 654 342 703 346 604 50 395
 231 395 356 570 365 318 364 651 669 367
 639 597 587 236 740 752 218 590 383 556
 25 24 730 323 42 43 38 291 637 274
 566 642 667 593 595 31 594 30 64 292
 258 272 728 572 671 129 178 18 17 328
 613 321 438 714 415 299 382 34 513 112
 401 635 221 722 70 41 182 561 421 784
 26 27 352 305 706 349 66 394 329 711
 319 630 433 630 563 410 446 296 246 482
 742 768 390 798 533 577 330 38 39 255
 413 496 559 296 795 609 368 720 267 659
 30 762 344 686 332 431 586 515 577 535
 478 682 628 279 324 456 503 351 306 805
 671 678 364 55 624 54 752 591 661 46
 776 447 822 382 662 68 564 75 417 386
 808 607 722 370 618 601 422 50 51 275
 345 67 20 31 762 605 300 700 823 834
 657 656 725 581 354 672 792 600 600 775
 643 225 20 21 631 444 822 266 562 580
 430 298 250 751 589 508 507 520 214 689
 325 416 745 3 2 611 231 581 48 374
 551 622 203 133 527 617 58 632 308 235
 76 518 837 861 557 553 400 779 315 65
 400 64 49 865 268 363 666 666 427 485
 606 472 869 848 475 442 802 802 195 213
 512 240 471 477 360 38 875 814 52 301
 218 819 35 473 34 777 312 690 542 374
 542 866 439 526 514 201 210 257 82 529
 865 9 669 438 256 403 852 394 66 650
 275 418 889 412 315 349 765 764 283 689
 689 705 469 469 599 462 461 504 304 444
 371 320 421 806 547 547 874 512 782 509
 782 363 859 905 680 242 537 243 907 412
 538 797 743 767 670 636 46 591 420 591
 775 293 788 523 858 65 445 284 7 858
 854 44 45 387 45 10 664 543 690 5
 348 321 348 4 677 813 924 683 362 638
 36 696 680 260 13 534 627 533 481 502
 298 550 322 544 665 833 748 423 545 874
 546 681 474 927 340 445 326 61 644 60
 739 15 378 357 534 114 915 498 624 941
 264 432 629 295 629 723 215 526 495 489
 338 946 490 842 705 352 352 898 459 622
 691 691 518 615 275 713 952 367 748 486
 478 426 925 544 880 956 543 260 314 486
 486 812 14 492 590 960 493 372 537 626
 351 503 292 258 964 3 645 660 73 771
 771 658 249 332 647 647 156 11 144 179
 457 233 963 626 771 47 661 320 820 899
 845 780 556 24 569 384 895 694 311 554
 913 602 359 737 223 459 615 93 120 202
 809 810 435 810 489 939 378 378 506 464
 487 594 986 488 786 894 988 850 688 397
 568 704 434 704 492 406 550 549 504 618
 295 828 228 828 899 636 343 71 653 26
 353 977 694 976 896 417 987 225 840 840
 197 499 415 714 1002 914 293 272 265 1004
 572 601 668 563 1006 922 681 1008 903 309
 627 13 227 438 650 789 227 441 955 478
 237 954 149 815 531 503 531 306 497 63
 685 396 685 487 695 719 904 546 904 1008
 289 1021 124 385 63 684 686 222 807 941
 679 94 718 148 216 513 778 778 1022 212
 585 584 555 555 707 462 376 460 463 1033
 787 787 895 516 552 212 1036 1021 355 754
 635 1038 912 211 995 221 341 221 780 350
 890 1042 867 241 146 466 1044 135 467 557
 675 430 405 717 566 286 286 721 712 663
 857 447 616 447 382 427 509 783 783 239
 485 760 413 860 642 353 693 520 693 475
 595 222 422 605 422 651 302 357 738 738
 798 356 290 725 404 668 404 5 346 28
 411 559 804 578 620 620 773 323 977 1056
 849 609 596 587 603 648 56 672 839 276
 567 389 389 791 790 586 431 639 32 33
 74 584 316 727 265 248 248 715 708 257
 396 1079 687 333 1010 576 984 187 303 291
 391 637 637 758 410 803 583 270 1005 96
 452 920 446 824 1088 616 347 715 612 1031
 259 248 729 726 727 565 69 410 270 399
 901 1094 1027 1026 1027 901 471 252 319 652
 791 633 731 620 756 756 732 625 467 145
 496 528 168 766 318 733 272 733 729 749
 256 9 885 268 367 468 535 14 98 0
 1 721 720 608 698 331 331 639 1074 961
 72 17 548 931 1113 589 299 1100 269 579
 269 733 1012 765 788 227 914 714 614 217
 172 219 1119 710 43 262 42 773 772 560
 78 716 274 78 947 236 846 490 846 87
 649 772 592 721 575 575 418 701 836 675
 1046 581 1046 837 232 462 460 347 821 821
 589 528 871 529 453 411 698 698 608 278
 928 1081 99 893 853 416 416 599 850 297
 540 769 585 736 824 296 794 662 794 339
 510 470 981 814 1084 1146 390 505 957 921
 921 459 307 432 792 327 57 282 50 222
 344 344 425 395 407 967 531 1015 8 98
 716 613 1066 289 217 674 574 634 1072 844
 1040 341 580 341 845 979 707 710 710 358
 673 479 35 879 312 569 755 746 1147 759
 570 759 579 122 137 336 741 1168 211 740
 646 915 522 251 494 491 530 306 658 530
 658 369 796 769 1174 623 768 1025 540 541
 949 376 1032 1032 993 304 284 60 381 381
 657 843 742 453 1181 482 768 1097 432 1151
 294 1127 282 910 1086 583 539 1064 743 602
 271 891 891 779 736 667 860 235 235 363
 889 992 1167 699 699 250 931 386 598 826
 826 599 325 801 39 393 393 1055 1054 909
 623 942 743 942 317 514 882 649 1123 329
 329 319 282 571 259 1115 368 634 1109 1203
 574 1134 751 32 587 1133 32 401 316 584
 1142 1207 1199 527 175 203 133 113 174 173
 484 313 136 172 104 171 409 97 91 170
 230 121 132 169 196 206 93 120 108 109
 127 146 135 125 144 143 142 0 130 141
 119 335 140 19 176 190 128 238 337 115
 86 137 122 117 162 192 163 164 105 106
 165 166 134 138 205 204 89 131 116 103
 155 154 123 101 153 152 151 186 150 100
 102 107 126 95 184 0 1 2 3 4
 5 6 7 8 9 10 11 12 13 14
 15 16 17 18 19 20 21 22 23 24
 25 26 27 28 29 30 31 32 33 34
 35 36 37 38 39 40 41 42 43 44
 45 46 47 48 49 50 51 52 53 54
 55 56 57 58 59 60 61 62 63 64
 65 66 67 68 69 70 71 72 73 74
 75 76 77 78 79 80 81 82 83 84
 85 86 87 88 89 90 91 92 93 94
 95 96 97 98 99 100 101 102 103 104
 105 106 107 108 109 110 111 112 113 114
 115 116 117 118 119 120 121 122 123 124
 125 126 127 128 129 130 131 132 133 134
 135 136 137 138 139 140 141 142 143 144
 145 146 147 148 149 150 151 152 153 154
 155 156 157 158 159 160 161 162 163 164
 165 166 167 168 169 170 171 172 173 174
 175 176 177 178 179 180 181 182 183 184
 185 186 187 188 189 190 191 192 193 194
 195 196 197 198 199 200 201 202 203 204
 205 206 207 208 209 210 211 212 213 214
 215 216 217 218 219 220 221 222 223 224
 225 226 227 228 229 230 231 232 233 234
 235 236 237 238 239 240 241 242 243 244
 245 246 247 248 249 250 251 252 253 254
 255 256 257 258 259 260 261 262 263 264
 265 266 267 268 269 270 271 272 273 274
 275 276 277 278 279 280 281 282 283 284
 285 286 287 288 289 290 291 292 293 294
 295 296 297 298 299 300 301 302 303 304
 305 306 307 308 309 310 311 312 313 314
 315 316 317 318 319 320 321 322 323 324
 325 326 327 328 329 330 331 332 333 334
 335 336 337 338 339 340 341 342 343 344
 345 346 347 348 349 350 351 352 353 354
 355 356 357 358 359 360 361 362 363 364
 365 366 367 368 369 370 371 372 373 374
 375 376 377 378 379 380 381 382 383 384
 385 386 387 388 389 390 391 392 393 394
 395 396 397 398 399 400 401 402 403 404
 405 406 407 408 409 410 411 412 413 414
 415 416 417 418 419 420 421 422 423 424
 425 426 427 428 429 430 431 432 433 434
 435 436 437 438 439 440 441 442 443 444
 445 446 447 448 449 450 451 452 453 454
 455 456 457 458 459 460 461 462 463 464
 465 466 467 468 469 470 471 472 473 474
 475 476 477 478 479 480 481 482 483 484
 485 486 487 488 489 490 491 492 493 494
 495 496 497 498 499 500 501 502 503 504
 505 506 507 508 509 510 511 512 513 514
 515 516 517 518 519 520 521 522 523 524
 525 526 527 528 529 530 531 532 533 534
 535 536 537 538 539 540 541 542 543 544
 545 546 547 548 549 550 551 552 553 554
 555 556 557 558 559 560 561 562 563 564
 565 566 567 568 569 570 571 572 573 574
 575 576 577 578 579 580 581 582 583 584
 585 586 587 588 589 590 591 592 593 594
 595 596 597 598 599 600 601 602 603 604
 605 606 607 608 609 610 611 612 613 614
 615 616 617 618 619 620 621 622 623 624
 625 626 627 628 629 630 631 632 633 634
 635 636 637 638 639 640 641 642 643 644
 645 646 647 648 649 650 651 652 653 654
 655 656 657 658 659 660 661 662 663 664
 665 666 667 668 669 670 671 672 673 674
 675 676 677 678 679 680 681 682 683 684
 685 686 687 688 689 690 691 692 693 694
 695 696 697 698 699 700 701 702 703 704
 705 706 707 708 709 710 711 712 713 714
 715 716 717 718 719 720 721 722 723 724
 725 726 727 728 729 730 731 732 733 734
 735 736 737 738 739 740 741 742 743 744
 745 746 747 748 749 750 751 752 753 754
 755 756 757 758 759 760 761 762 763 764
 765 766 767 768 769 770 771 772 773 774
 775 776 777 778 779 780 781 782 783 784
 785 786 787 788 789 790 791 792 793 794
 795 796 797 798 799 800 801 802 803 804
 805 806 807 808 809 810 811 812 813 814
 815 816 817 818 819 820 821 822 823 824
 825 826 827 828 829 830 831 832 833 834
 835 836 837 838 839 840 841 842 843 844
 845 846 847 848 849 850 851 852 853 854
 855 856 857 858 859 860 861 862 863 864
 865 866 867 868 869 870 871 872 873 874
 875 876 877 878 879 880 881 882 883 884
 885 886 887 888 889 890 891 892 893 894
 895 896 897 898 899 900 901 902 903 904
 905 906 907 908 909 910 911 912 913 914
 915 916 917 918 919 920 921 922 923 924
 925 926 927 928 929 930 931 932 933 934
 935 936 937 938 939 940 941 942 943 944
 945 946 947 948 949 950 951 952 953 954
 955 956 957 958 959 960 961 962 963 964
 965 966 967 968 969 970 971 972 973 974
 975 976 977 978 979 980 981 982 983 984
 985 986 987 988 989 990 991 992 993 994
 995 996 997 998 999 1000 1001 1002 1003 1004
 1005 1006 1007 1008 1009 1010 1011 1012 1013 1014
 1015 1016 1017 1018 1019 1020 1021 1022 1023 1024
 1025 1026 1027 1028 1029 1030 1031 1032 1033 1034
 1035 1036 1037 1038 1039 1040 1041 1042 1043 1044
 1045 1046 1047 1048 1049 1050 1051 1052 1053 1054
 1055 1056 1057 1058 1059 1060 1061 1062 1063 1064
 1065 1066 1067 1068 1069 1070 1071 1072 1073 1074
 1075 1076 1077 1078 1079 1080 1081 1082 1083 1084
 1085 1086 1087 1088 1089 1090 1091 1092 1093 1094
 1095 1096 1097 1098 1099 1100 1101 1102 1103 1104
 1105 1106 1107 1108 1109 1110 1111 1112 1113 1114
 1115 1116 1117 1118 1119 1120 1121 1122 1123 1124
 1125 1126 1127 1128 1129 1130 1131 1132 1133 1134
 1135 1136 1137 1138 1139 1140 1141 1142 1143 1144
 1145 1146 1147 1148 1149 1150 1151 1152 1153 1154
 1155 1156 1157 1158 1159 1160 1161 1162 1163 1164
 1165 1166 1167 1168 1169 1170 1171 1172 1173 1174
 1175 1176 1177 1178 1179 1180 1181 1182 1183 1184
 1185 1186 1187 1188 1189 1190 1191 1192 1193 1194
 1195 1196 1197 1198 1199 1200 1201 1202 1203 1204
 1205 1206 1207 1208 1209 0 1 2 3 4
 5 6 7 8 9 10 11 12 13 14
 15 16 17 18 19 20 21 22 23 24
 25 26 27 28 29 30 31 32 33 34
 35 36 37 38 39 40 41 42 43 44
 45 46 47 48 49 50 51 52 53 54
 55 56 57 58 59 60 61 62 63 64
 65 66 67 68 69 70 71 72 73 74
 75 76 77 78 79 80 81 82 83 84
 85 86 87 88 89 90 91 92 93 94
 95 96 97 98 99 100 101 102 103 104
 105 106 107 108 109 110 111 112 113 114
 115 116 117 118 119 120 121 122 123 124
 125 126 127 128 129 130 131 132 133 134
 135 136 137 138 139 140 141 142 143 144
 145 146 147 148 149 150 151 152 153 154
 155 156 157 158 159 160 161 162 163 164
 165 166 167 168 169 170 171 172 173 174
 175 176 177 178 179 180 181 182 183 184
 185 186 187 188 189 190 191 192 193 194
 195 196 197 198 199 200 201 202 203 204
 205 206 207 208 209 210 211 212 213 214
 215 216 217 218 219 220 221 222 223 224
 225 226 227 228 229 230 231 232 233 234
 235 236 237 238 239 240 241 242 243 244
 245 246 247 248 249 250 251 252 253 254
 255 256 257 258 259 260 261 262 263 264
 265 266 267 268 269 270 271 272 273 274
 275 276 277 278 279 280 281 282 283 284
 285 286 287 288 289 290 291 292 293 294
 295 296 297 298 299 300 301 302 303 304
 305 306 307 308 309 310 311 312 313 314
 315 316 317 318 319 320 321 322 323 324
 325 326 327 328 329 330 331 332 333 334
 335 336 337 338 339 340 341 342 343 344
 345 346 347 348 349 350 351 352 353 354
 355 356 357 358 359 360 361 362 363 364
 365 366 367 368 369 370 371 372 373 374
 375 376 377 378 379 380 381 382 383 384
 385 386 387 388 389 390 391 392 393 394
 395 396 397 398 399 400 401 402 403 404
 405 406 407 408 409 410 411 412 413 414
 415 416 417 418 419 420 421 422 423 424
 425 426 427 428 429 430 431 432 433 434
 435 436 437 438 439 440 441 442 443 444
 445 446 447 448 449 450 451 452 453 454
 455 456 457 458 459 460 461 462 463 464
 465 466 467 468 469 470 471 472 473 474
 475 476 477 478 479 480 481 482 483 484
 485 486 487 488 489 490 491 492 493 494
 495 496 497 498 499 500 501 502 503 504
 505 506 507 508 509 510 511 512 513 514
 515 516 517 518 519 520 521 522 523 524
 525 526 527 528 529 530 531 532 533 534
 535 536 537 538 539 540 541 542 543 544
 545 546 547 548 549 550 551 552 553 554
 555 556 557 558 559 560 561 562 563 564
 565 566 567 568 569 570 571 572 573 574
 575 576 577 578 579 580 581 582 583 584
 585 586 587 588 589 590 591 592 593 594
 595 596 597 598 599 600 601 602 603 604
 605 606 607 608 609 610 611 612 613 614
 615 616 617 618 619 620 621 622 623 624
 625 626 627 628 629 630 631 632 633 634
 635 636 637 638 639 640 641 642 643 644
 645 646 647 648 649 650 651 652 653 654
 655 656 657 658 659 660 661 662 663 664
 665 666 667 668 669 670 671 672 673 674
 675 676 677 678 679 680 681 682 683 684
 685 686 687 688 689 690 691 692 693 694
 695 696 697 698 699 700 701 702 703 704
 705 706 707 708 709 710 711 712 713 714
 715 716 717 718 719 720 721 722 723 724
 725 726 727 728 729 730 731 732 733 734
 735 736 737 738 739 740 741 742 743 744
 745 746 747 748 749 750 751 752 753 754
 755 756 757 758 759 760 761 762 763 764
 765 766 767 768 769 770 771 772 773 774
 775 776 777 778 779 780 781 782 783 784
 785 786 787 788 789 790 791 792 793 794
 795 796 797 798 799 800 801 802 803 804
 805 806 807 808 809 810 811 812 813 814
 815 816 817 818 819 820 821 822 823 824
 825 826 827 828 829 830 831 832 833 834
 835 836 837 838 839 840 841 842 843 844
 845 846 847 848 849 850 851 852 853 854
 855 856 857 858 859 860 861 862 863 864
 865 866 867 868 869 870 871 872 873 874
 875 876 877 878 879 880 881 882 883 884
 885 886 887 888 889 890 891 892 893 894
 895 896 897 898 899 900 901 902 903 904
 905 906 907 908 909 910 911 912 913 914
 915 916 917 918 919 920 921 922 923 924
 925 926 927 928 929 930 931 932 933 934
 935 936 937 938 939 940 941 942 943 944
 945 946 947 948 949 950 951 952 953 954
 955 956 957 958 959 960 961 962 963 964
 965 966 967 968 969 970 971 972 973 974
 975 976 977 978 979 980 981 982 983 984
 985 986 987 988 989 990 991 992 993 994
 995 996 997 998 999 1000 1001 1002 1003 1004
 1005 1006 1007 1008 1009 1010 1011 1012 1013 1014
 1015 1016 1017 1018 1019 1020 1021 1022 1023 1024
 1025 1026 1027 1028 1029 1030 1031 1032 1033 1034
 1035 1036 1037 1038 1039 1040 1041 1042 1043 1044
 1045 1046 1047 1048 1049 1050 1051 1052 1053 1054
 1055 1056 1057 1058 1059 1060 1061 1062 1063 1064
 1065 1066 1067 1068 1069 1070 1071 1072 1073 1074
 1075 1076 1077 1078 1079 1080 1081 1082 1083 1084
 1085 1086 1087 1088 1089 1090 1091 1092 1093 1094
 1095 1096 1097 1098 1099 1100 1101 1102 1103 1104
 1105 1106 1107 1108 1109 1110 1111 1112 1113 1114
 1115 1116 1117 1118 1119 1120 1121 1122 1123 1124
 1125 1126 1127 1128 1129 1130 1131 1132 1133 1134
 1135 1136 1137 1138 1139 1140 1141 1142 1143 1144
 1145 1146 1147 1148 1149 1150 1151 1152 1153 1154
 1155 1156 1157 1158 1159 1160 1161 1162 1163 1164
 1165 1166 1167 1168 1169 1170 1171 1172 1173 1174
 1175 1176 1177 1178 1179 1180 1181 1182 1183 1184
 1185 1186 1187 1188 1189 1190 1191 1192 1193 1194
 1195 1196 1197 1198 1199 1200 1201 1202 1203 1204
 1205 1206 1207 1208 1209
)
