FoamFile
{
    version     2.0;
    format      ascii;
    class       vectorField;
    location    "constant/polyMesh";
    object      points;
}

1292      
(
(0 0 0)
(0.05 0 0)
(0.1 0 0)
(0.15 0 0)
(0.2 0 0)
(0.25 0 0)
(0.3 0 0)
(0.35 0 0)
(0.4 0 0)
(0.45 0 0)
(0.5 0 0)
(0.55 0 0)
(0.6000000000000001 0 0)
(0.65 0 0)
(0.7000000000000001 0 0)
(0.75 0 0)
(0.8 0 0)
(0.8500000000000001 0 0)
(0.9 0 0)
(0.9500000000000001 0 0)
(1 0 0)
(1 0.04999999999999993 0)
(1 0.09999999999999998 0)
(1 0.1499999999999999 0)
(1 0.2 0)
(1 0.25 0)
(1 0.2999999999999999 0)
(1 0.35 0)
(1 0.3999999999999999 0)
(1 0.45 0)
(1 0.5 0)
(1 0.55 0)
(1 0.6 0)
(1 0.6499999999999999 0)
(1 0.7 0)
(1 0.75 0)
(1 0.8 0)
(1 0.85 0)
(1 0.9 0)
(1 0.95 0)
(1 1 0)
(0.95 1 0)
(0.9 1 0)
(0.85 1 0)
(0.8 1 0)
(0.75 1 0)
(0.7 1 0)
(0.6499999999999999 1 0)
(0.6 1 0)
(0.55 1 0)
(0.5 1 0)
(0.45 1 0)
(0.3999999999999999 1 0)
(0.35 1 0)
(0.2999999999999999 1 0)
(0.25 1 0)
(0.2 1 0)
(0.1499999999999999 1 0)
(0.09999999999999998 1 0)
(0.04999999999999993 1 0)
(0 1 0)
(0 0.95 0)
(0 0.9 0)
(0 0.85 0)
(0 0.8 0)
(0 0.75 0)
(0 0.7 0)
(0 0.6499999999999999 0)
(0 0.6 0)
(0 0.55 0)
(0 0.5 0)
(0 0.45 0)
(0 0.3999999999999999 0)
(0 0.35 0)
(0 0.2999999999999999 0)
(0 0.25 0)
(0 0.2 0)
(0 0.1499999999999999 0)
(0 0.09999999999999998 0)
(0 0.04999999999999993 0)
(0.1231695903667685 0.04034919666276446 0)
(0.08100019065395132 0.06645374273075394 0)
(0.07889219905077428 0.02935784550934916 0)
(0.6087798589113312 0.5749369540013178 0)
(0.5804311043553754 0.5620645471872189 0)
(0.6076384669727227 0.5348676245221764 0)
(0.6482901719569463 0.5696449669926237 0)
(0.8189261110994785 0.7535653406311532 0)
(0.7899926457175163 0.7250539797856149 0)
(0.8269246080967595 0.7106229952932966 0)
(0.864356790628093 0.7035511066027118 0)
(0.8572064305600455 0.7420952091198612 0)
(0.2159652631677152 0.5225903853878304 0)
(0.1840499874778644 0.4923192096267207 0)
(0.2203710905517267 0.4860499849736362 0)
(0.2034233781149791 0.4524857166286326 0)
(0.4650951579335603 0.6506927514935503 0)
(0.5007106743800498 0.626359752452272 0)
(0.5038212423654392 0.6695824623619598 0)
(0.3616509045645859 0.5122506728679215 0)
(0.3224652799063704 0.4836752415296208 0)
(0.3592641120799849 0.4639155151026094 0)
(0.3447503375926479 0.5513160651999316 0)
(0.3130952389257925 0.5269059244498936 0)
(0.1192238827069208 0.08412710377508847 0)
(0.6308146665040245 0.8259356523642041 0)
(0.6378179118410633 0.8618634505821838 0)
(0.595540666488403 0.8549412164592542 0)
(0.665913148841815 0.885303783240233 0)
(0.6203481286900563 0.8998983941783846 0)
(0.3039474900133597 0.6543774214926154 0)
(0.2626642243540896 0.6669871388018648 0)
(0.2711042803909515 0.6268471678913661 0)
(0.3308667144505982 0.6900557619496057 0)
(0.292814053807141 0.6908825642470784 0)
(0.8348444385248106 0.3025175553160407 0)
(0.8652919597769601 0.3355600899743932 0)
(0.8201382665833029 0.3456085485682381 0)
(0.8451245800803513 0.2644651926239839 0)
(0.8819646306062003 0.2897027108042308 0)
(0.9280303196461296 0.6428978285883992 0)
(0.9327916207917589 0.6922686390090333 0)
(0.8891414046606185 0.670313805313547 0)
(0.9638929004553125 0.6195523164471144 0)
(0.9651550631726875 0.6680778084217401 0)
(0.1888152209029308 0.6541211294455175 0)
(0.1860351860905841 0.6918752454252801 0)
(0.1462434707218767 0.6707841225035023 0)
(0.2296527670329488 0.6392710648379898 0)
(0.222233780903521 0.6830625072789811 0)
(0.5843798470184118 0.4916907852752622 0)
(0.6218451620485984 0.4984273200067819 0)
(0.5646865974030181 0.4484462423994123 0)
(0.6207743245866739 0.4541596384334529 0)
(0.663279784097453 0.8043159424502234 0)
(0.6750179506224393 0.8419838601764225 0)
(0.6298231560859755 0.7846826725632485 0)
(0.5919726960396583 0.7633862790791064 0)
(0.633803401493741 0.7340694093232465 0)
(0.3904036213537093 0.4828303958568242 0)
(0.4100922998534799 0.5138642302983035 0)
(0.3629080771054298 0.4181011086872878 0)
(0.3977778948511471 0.4432006491662592 0)
(0.6988967072373506 0.8718807488358897 0)
(0.7334881788180315 0.8825126401806055 0)
(0.7008131882944444 0.9076216776297927 0)
(0.7224323037678916 0.8429036389131116 0)
(0.761702094345867 0.5454227929673809 0)
(0.8049504543436495 0.5284624261841668 0)
(0.8021342657966768 0.5805280631507598 0)
(0.7232434348046363 0.5135998265913266 0)
(0.7718089187741763 0.4955802814940432 0)
(0.8830289011088739 0.5227876534822611 0)
(0.9207940490392327 0.5462863189309155 0)
(0.8846604694006113 0.5718570222025867 0)
(0.8757186122591233 0.4770079535005628 0)
(0.9211608387659227 0.4942458601691266 0)
(0.5788942616758352 0.9236198024881127 0)
(0.621961345051572 0.9546932112995277 0)
(0.6621983896648413 0.9277471008623968 0)
(0.7002265047054294 0.9509644069631917 0)
(0.1849800963434763 0.4098691221932431 0)
(0.1512217473688939 0.4167031871207857 0)
(0.1443449835622637 0.3824048703597778 0)
(0.1553363568799911 0.4529924022918734 0)
(0.1169773006909055 0.4217966119761998 0)
(0.8421070240261762 0.9237250288608847 0)
(0.8887933719067651 0.9296885327764973 0)
(0.8674490398303851 0.9631633197917679 0)
(0.9195216315219518 0.8938963731558578 0)
(0.9339434203793903 0.9461637085576264 0)
(0.1586779484103237 0.209878826630834 0)
(0.1865213555215405 0.2009826621534448 0)
(0.1849887583010236 0.2441352959975019 0)
(0.1588797342175905 0.1689287420040561 0)
(0.4778831190419821 0.7373255635802148 0)
(0.4420782060453684 0.7617144121122723 0)
(0.4243212044379332 0.7206755246059403 0)
(0.4309043189889993 0.8030739450928922 0)
(0.402310400904801 0.7631124905146082 0)
(0.2260413293486325 0.1324560219719595 0)
(0.2588498556882888 0.111439337765879 0)
(0.2665736422454426 0.1410564647869066 0)
(0.1843168919594851 0.1370853107380477 0)
(0.1899490358873929 0.09907257560880459 0)
(0.5070791245033046 0.5246290670472301 0)
(0.4723882195124653 0.5459401853460322 0)
(0.4581801027937058 0.5078332126290419 0)
(0.5296784073385397 0.5513489446483268 0)
(0.5029080617334855 0.5772935820590459 0)
(0.3460157193636536 0.1876996017896903 0)
(0.3495251974785278 0.2261874754488596 0)
(0.3130469041777948 0.21839616567079 0)
(0.3705085617737652 0.2620943187608966 0)
(0.3295803970168422 0.2509257892023449 0)
(0.246493901010142 0.5040971223019566 0)
(0.2506354518917533 0.4611595590103064 0)
(0.3564857497172081 0.0692930000760606 0)
(0.3735097570028707 0.03337948288939788 0)
(0.3996250526850201 0.06454618580052193 0)
(0.3501586496638643 0.6440980240139288 0)
(0.3487075048748478 0.5912290248989599 0)
(0.3883503863845702 0.6089837638664874 0)
(0.07183882793443247 0.409050997365046 0)
(0.04877015697067326 0.4419759366407969 0)
(0.02899887030741235 0.4032178783680292 0)
(0.0983883780156827 0.3764239443466232 0)
(0.7665668208090891 0.2714982759235938 0)
(0.8079867829100492 0.267505895479085 0)
(0.7913892501094801 0.3089161440528163 0)
(0.7420322752831489 0.2395598386521288 0)
(0.7817871700073709 0.2313764597480838 0)
(0.4060049231151062 0.4001459048175176 0)
(0.4362577312591714 0.4316632350292393 0)
(0.5620815045505281 0.06785785629988876 0)
(0.541531504143532 0.0973005331883314 0)
(0.5284461318415332 0.05959824084977081 0)
(0.5940813993375502 0.05365828016735968 0)
(0.5841873857442879 0.09630115400380211 0)
(0.3811255426747316 0.7995012106809671 0)
(0.3527482819638609 0.7616808618058198 0)
(0.04186341282712439 0.8683239591782497 0)
(0.0715058761297107 0.8937127484116345 0)
(0.03806705917125883 0.9169530315966999 0)
(0.6889102102493865 0.6484447188686701 0)
(0.6977396858618875 0.6896108556610049 0)
(0.6577078491038593 0.6895269754852366 0)
(0.7260808488403157 0.7179728254204606 0)
(0.6842752898680469 0.7271811932656468 0)
(0.5575189016258112 0.5307310353661625 0)
(0.6668772478843685 0.9666809438250232 0)
(0.8041959497218157 0.3903799739316024 0)
(0.8520853644269876 0.3839130508892423 0)
(0.7625845290191374 0.3965894109867418 0)
(0.7757507691248773 0.3524461348611599 0)
(0.3691036405456022 0.9673545459768207 0)
(0.3828184556249984 0.9354959493899604 0)
(0.4207038202681826 0.958431607039395 0)
(0.7642338592816954 0.8550740851412297 0)
(0.7858552032095967 0.8377443494281951 0)
(0.8117492910370899 0.8745938223069142 0)
(0.7595781651674447 0.8012721843476664 0)
(0.9262928295121325 0.05625621089490871 0)
(0.9454398666618308 0.09185727586587562 0)
(0.9055495043314309 0.102592980393731 0)
(0.8398236274836502 0.6704268942649116 0)
(0.7913012125651876 0.6709800615078063 0)
(0.9659893332472715 0.4915753609174251 0)
(0.9488731288253848 0.5259695246968724 0)
(0.4713028448982193 0.1666373607112288 0)
(0.4253103242606951 0.1805215766866046 0)
(0.4271470540398041 0.1395045136608331 0)
(0.3917932077709197 0.2129657537941466 0)
(0.3863748444598589 0.1628532151861984 0)
(0.1648793848131288 0.5808843054374168 0)
(0.1989334160638107 0.6107491331383149 0)
(0.156184581421532 0.6247600587189401 0)
(0.1724521421822978 0.536533039385279 0)
(0.2098904060820893 0.5660625134130907 0)
(0.3878898236488708 0.5599339905207118 0)
(0.9607052558002914 0.7790444552300331 0)
(0.9251818514237613 0.7628833472119405 0)
(0.9494506220178462 0.7358210623463305 0)
(0.8903979983929726 0.7731560177653324 0)
(0.9009658080764623 0.7255213001912519 0)
(0.3113303347438168 0.6127804258120393 0)
(0.3097654972153167 0.57026187998066 0)
(0.4356885092940677 0.5480827448375889 0)
(0.4256311352245447 0.5875921148739035 0)
(0.4599494747313393 0.5733327353575413 0)
(0.4139561884456667 0.02914409106130834 0)
(0.4405441710966624 0.05012325652133225 0)
(0.5815258369965871 0.3430069725767353 0)
(0.6070084680808282 0.3765584428300625 0)
(0.5731271305025255 0.3779677499917177 0)
(0.646218231525198 0.3791169655768117 0)
(0.6249147929084512 0.4085860143882031 0)
(0.4662827256994501 0.6938916747868316 0)
(0.5048530324021047 0.7038364265548256 0)
(0.8577542138676284 0.6381395448712113 0)
(0.8901481208268044 0.618951532035328 0)
(0.06332475798478948 0.2570292501310321 0)
(0.108131967276506 0.249743158934824 0)
(0.08518778428534018 0.2869386221153022 0)
(0.8096719464882551 0.8220996278459098 0)
(0.8040178470472269 0.7864077132914341 0)
(0.8459552503560978 0.7909441825924748 0)
(0.05371456833323973 0.3675888563806678 0)
(0.3256186118641603 0.8949799469977403 0)
(0.356138258439429 0.8711551729256054 0)
(0.3708837091194596 0.9035975229816487 0)
(0.5790211395117768 0.2402388039067302 0)
(0.5811448274765144 0.2066957212265817 0)
(0.6231286438940261 0.217444053437725 0)
(0.5750033948928606 0.2733173696208511 0)
(0.5414919025188495 0.257896996710476 0)
(0.5437184425350857 0.6911606691944642 0)
(0.5214076664652336 0.7288470936221915 0)
(0.5158915524942354 0.7652696221869023 0)
(0.9761132505376181 0.08163312087306494 0)
(0.9663282879754302 0.04627390695741732 0)
(0.04184894817781838 0.5783880723849272 0)
(0.06682105611541003 0.618799368072345 0)
(0.03113891644417296 0.6179016483127378 0)
(0.4256505418995747 0.6729131332640222 0)
(0.392693602649663 0.6492994328705239 0)
(0.4275480763152569 0.6288797284728953 0)
(0.2823623521590564 0.4187731050063406 0)
(0.3246512898812404 0.4380207965525579 0)
(0.2923632370677884 0.4600592583923456 0)
(0.1287301676717169 0.9662748393239703 0)
(0.1116840717419136 0.9376254020226114 0)
(0.1539510905812804 0.9281886210767465 0)
(0.07815984843914729 0.9283868443424206 0)
(0.08533637633485343 0.9659594223539668 0)
(0.11224287568257 0.8993172830159522 0)
(0.6170820685859383 0.6844110693343523 0)
(0.5828914017299371 0.6768789601948784 0)
(0.6005407015301819 0.6421315587730316 0)
(0.5315531866878151 0.6480705281892239 0)
(0.5382149551113832 0.6117111115383883 0)
(0.7613643416638984 0.7055255326288179 0)
(0.7361570172397377 0.670968333708355 0)
(0.6341336051655719 0.03946391105786749 0)
(0.670220610391201 0.03084707398170055 0)
(0.6654354825869991 0.06998717779455901 0)
(0.587259781001525 0.7156824249454782 0)
(0.6722218453612551 0.7690635522510543 0)
(0.3828175051531919 0.7310965426589205 0)
(0.3797404250204846 0.6898540920579382 0)
(0.4604766931267374 0.9287155661540389 0)
(0.4977547459907899 0.9516826068549812 0)
(0.4658740828087683 0.9686026360064763 0)
(0.4157427316697679 0.9123813618953812 0)
(0.866328953680609 0.03303274552160838 0)
(0.8390282724188391 0.06951606161581231 0)
(0.8194542791610182 0.03544347586814226 0)
(0.8844391320348005 0.0668252828068604 0)
(0.5639431139494996 0.6434524059383195 0)
(0.6239302197414944 0.6088235064346925 0)
(0.5819451556933161 0.6026920335377268 0)
(0.8508759221120746 0.8416355151087743 0)
(0.281172672893561 0.4971441409595972 0)
(0.4690513037607396 0.4602662068639496 0)
(0.4735572214541349 0.4212053156357078 0)
(0.5132494934783933 0.4400693514340603 0)
(0.4286050129595159 0.4737247802780196 0)
(0.785594053893192 0.7627314299246767 0)
(0.7558455469865815 0.7468985187279391 0)
(0.9607628609325457 0.2784823828893174 0)
(0.9252684698035605 0.2969141833674074 0)
(0.9183932119399701 0.2596472552658977 0)
(0.7033789614803878 0.8046983147968559 0)
(0.7178727431633296 0.7629904830182405 0)
(0.4532141316394673 0.3005093831060773 0)
(0.4395154991429402 0.2683732978971669 0)
(0.4737989057150152 0.2668018857221534 0)
(0.4122021495642055 0.2532491618112137 0)
(0.4504906294150837 0.2231962511652619 0)
(0.4706118715342912 0.8322251191869751 0)
(0.4330772253208605 0.8443729903388157 0)
(0.5130784366117708 0.861923962377379 0)
(0.4563079548448965 0.8794303275622156 0)
(0.6767798592362118 0.2144165164229364 0)
(0.7155892141799238 0.2151043193855349 0)
(0.7026817343608702 0.2492357856628099 0)
(0.7497114470977003 0.2009615434441738 0)
(0.9175022083561981 0.2175863774549036 0)
(0.8749906922519165 0.2352714511139548 0)
(0.08093850504673987 0.7410005791751826 0)
(0.03785086174056955 0.725811234300797 0)
(0.07092321080453941 0.6926621868954139 0)
(0.09558618738478268 0.7861464116802892 0)
(0.04331045698700205 0.7777539718282418 0)
(0.7581852648005761 0.6377013225173598 0)
(0.785190659266878 0.6226563350706661 0)
(0.7265279112266778 0.6288928614248379 0)
(0.749907702143386 0.5939166693345 0)
(0.2619829285595195 0.5469677400734605 0)
(0.2781309979915727 0.5903089684496865 0)
(0.2420801632620538 0.5951191911782574 0)
(0.3414499364215258 0.1419682511717598 0)
(0.04564461920955429 0.6539074775196794 0)
(0.03005656454092928 0.6838827888237949 0)
(0.1045112965134396 0.6723869417517412 0)
(0.1163065387831366 0.7086131062053279 0)
(0.1108411765241218 0.6304361537588248 0)
(0.2873937707422303 0.2608910507492819 0)
(0.327427550911893 0.2870599353818964 0)
(0.2229829010642612 0.2089804024724479 0)
(0.2378597430292111 0.2508028344315058 0)
(0.2691076681199809 0.2139180982935631 0)
(0.3392874878372688 0.1022638628062792 0)
(0.3128702071026241 0.07363233314340203 0)
(0.2995232401724774 0.1176858075819553 0)
(0.9295636866192741 0.4160127304281049 0)
(0.8951995806018729 0.4028102383517724 0)
(0.9313542166936248 0.3749206801504498 0)
(0.9494655328057441 0.452582851770478 0)
(0.9069197566788654 0.4464738235454886 0)
(0.5482295382241329 0.5723983670537418 0)
(0.2723154689220617 0.08020927400634395 0)
(0.2840847642266459 0.03768892787404327 0)
(0.2315321450236921 0.0871075678159314 0)
(0.2451085605363093 0.04682268579269105 0)
(0.04626227360143288 0.9566799085455199 0)
(0.5793988882233738 0.8890751459501208 0)
(0.7973446973959338 0.1864779555740566 0)
(0.8319541676954916 0.1483074074745056 0)
(0.8494174017401906 0.1898886777077309 0)
(0.328270843117825 0.03464529307739685 0)
(0.1529781120415178 0.8377784720989843 0)
(0.1253383899453001 0.8618767671416379 0)
(0.1119633280834006 0.8264784894590355 0)
(0.08856768942667463 0.8622739655617105 0)
(0.8579874092360478 0.1078375038532533 0)
(0.8112891184867975 0.1067720137800351 0)
(0.8828888958248785 0.1523871943546983 0)
(0.111696142926977 0.4671902325886988 0)
(0.08353711927604446 0.4427469551578188 0)
(0.2361424017766596 0.9662125773395072 0)
(0.246232175237062 0.920848522835781 0)
(0.2827348603786557 0.9588396916166478 0)
(0.2363998396336762 0.8738959012019191 0)
(0.2811315056606896 0.8823399342689587 0)
(0.6282133908616648 0.3382204591566477 0)
(0.5945959771577569 0.3019752119087409 0)
(0.1419485667336313 0.7946993913878903 0)
(0.465264632444304 0.3408442538574624 0)
(0.4358792326769141 0.3235539811986608 0)
(0.4087028497183187 0.2996161874385969 0)
(0.5540181156791327 0.7429350517488366 0)
(0.5472129675568238 0.4051571995833676 0)
(0.5897657708835568 0.4121284446532678 0)
(0.5423284792841785 0.3578045787135035 0)
(0.7446198410478275 0.06696106198145152 0)
(0.7038777299659246 0.0497758876617436 0)
(0.7343490235537496 0.02905139676183036 0)
(0.7587032802273154 0.1106620705066476 0)
(0.7074527895674315 0.09721659474815826 0)
(0.9093838078389962 0.3306655966753253 0)
(0.8916056468988005 0.3650906338808821 0)
(0.9570563218875716 0.3290611527458854 0)
(0.2568567595328373 0.3419759764514109 0)
(0.2925880726561041 0.3403366688421737 0)
(0.2904977381886561 0.370164913892004 0)
(0.2072222567398202 0.3280117821289459 0)
(0.2482639115530552 0.29579126814957 0)
(0.3635687704891025 0.3034339165665607 0)
(0.3788196524691075 0.3338848251534574 0)
(0.3312293923301206 0.3385098358363917 0)
(0.9250144091139212 0.5945716188697855 0)
(0.08190808441671567 0.168270629241117 0)
(0.1190679207269377 0.1548968233188326 0)
(0.1199259520978286 0.2006955571190346 0)
(0.1434158115844828 0.1190854179943211 0)
(0.8662169110713456 0.4307680713581797 0)
(0.8297575775760411 0.4210029264542956 0)
(0.835016525442468 0.4596676308173572 0)
(0.7907322369934939 0.07124355744432725 0)
(0.5362954534452185 0.9356263567007627 0)
(0.531013786340862 0.9719413588374201 0)
(0.5002503364746953 0.9077945789695443 0)
(0.9257135723444286 0.8449970845326785 0)
(0.8906419105726471 0.8565251138394855 0)
(0.8869598383587411 0.8173281542135337 0)
(0.8666586190841672 0.8874656209975601 0)
(0.4856379034859979 0.04182465954492672 0)
(0.5001868021605455 0.08821316087389042 0)
(0.5375252693892042 0.4850333558650998 0)
(0.2981944536826132 0.1696500756351165 0)
(0.2210989415748823 0.3740577668896064 0)
(0.1832788695764069 0.3655955465075347 0)
(0.1223458273535647 0.3471628858404859 0)
(0.1591208904217463 0.3362315221481498 0)
(0.0502593875343329 0.5075006165013556 0)
(0.06990879561753102 0.4755330068546289 0)
(0.09439214644952727 0.5096711031666388 0)
(0.0327292394328904 0.5345547014226583 0)
(0.7951641167968879 0.9245426276682618 0)
(0.8228277055017623 0.962896249624307 0)
(0.7759150938430801 0.9643499411236612 0)
(0.08110876021969013 0.3305394441575621 0)
(0.7070946744411307 0.433616825407328 0)
(0.692886537858594 0.3830485559516342 0)
(0.7289611455797779 0.4008374359265189 0)
(0.6608071694659994 0.4209665804474207 0)
(0.1246747243016545 0.5492725734524014 0)
(0.07109380432146625 0.5430906672530595 0)
(0.07565917765787172 0.2127186270225187 0)
(0.3355234559595118 0.9364182315434253 0)
(0.2930764448652608 0.918282738116301 0)
(0.3274507138215313 0.9729905486792462 0)
(0.6239504028982469 0.08401149812864167 0)
(0.6141654542233532 0.1299015924130929 0)
(0.2702039312957364 0.8418665650370182 0)
(0.6589091270856557 0.2633290511779947 0)
(0.6107081453118002 0.2650233464009082 0)
(0.6322354827936469 0.2961025714115806 0)
(0.4675851434026017 0.1164641299147214 0)
(0.4655255108270493 0.07883461256617591 0)
(0.5115862965010919 0.1313873016710985 0)
(0.8421079730245861 0.5038921579645468 0)
(0.8081831323283569 0.4853947708916032 0)
(0.9261188115827269 0.8001639132629312 0)
(0.04711090683217691 0.1370839873005726 0)
(0.04096241902493462 0.08837522247243668 0)
(0.08978101524803764 0.1159036780910456 0)
(0.3701091202065311 0.3719635016005657 0)
(0.3271000972217161 0.3915401899805386 0)
(0.9620192413958812 0.8740417494229505 0)
(0.9634310139893568 0.9203123694081612 0)
(0.5433005417247034 0.8982882213748934 0)
(0.7405788945906504 0.4646263767524074 0)
(0.7893923144135699 0.4426893582771981 0)
(0.7043146367165047 0.4754903251160208 0)
(0.1869702521554246 0.8102436609952006 0)
(0.1768979488892933 0.7653527971514227 0)
(0.1939022956574669 0.8555644842047943 0)
(0.1560619017307087 0.8806608618629804 0)
(0.6530547654359597 0.1663754789866738 0)
(0.6584291948822879 0.113773175919458 0)
(0.9700974784071377 0.7105715488103292 0)
(0.400918389176152 0.8685987140133742 0)
(0.2251113051830745 0.7798583503874236 0)
(0.254233891029697 0.7452881178864922 0)
(0.2744916521582935 0.7751957957282555 0)
(0.2279367611509147 0.8291644142565155 0)
(0.257473590277167 0.8059373778807408 0)
(0.5438815760925684 0.3055153928597398 0)
(0.5092776793595448 0.3381214127065452 0)
(0.4930635725663333 0.3039048004020283 0)
(0.5100016689011744 0.2733719565413912 0)
(0.5019625570594071 0.2401384076638737 0)
(0.4957399624684553 0.2030621629011846 0)
(0.7242639538448092 0.5595001040824236 0)
(0.6868461643194188 0.5444861149516725 0)
(0.680026917853642 0.5020941548158706 0)
(0.2109871368369073 0.2821481245550143 0)
(0.172840073860715 0.2938120894247571 0)
(0.5919056061399004 0.8087935222014532 0)
(0.09115962093078897 0.5843701216336897 0)
(0.1290680829115005 0.5947017770542549 0)
(0.1600202008834597 0.7201120926605117 0)
(0.2113127015718911 0.7278816371780833 0)
(0.06849225389194197 0.8239345461637534 0)
(0.1979586464761169 0.9012395436397672 0)
(0.233688778801584 0.4166523713946581 0)
(0.8441427227116155 0.5513571592867079 0)
(0.9624194545938055 0.5678091755479695 0)
(0.6650098092911317 0.3121207916876541 0)
(0.667575057016307 0.3489769095311143 0)
(0.7021151547341471 0.3346158554232735 0)
(0.5390810786553099 0.2148000496702702 0)
(0.9060001860693025 0.02998781934556796 0)
(0.1567522114243545 0.07132247539705031 0)
(0.1671990864069452 0.031704191087807 0)
(0.5612597278120288 0.1816860246366972 0)
(0.5627009040632059 0.1404454854315378 0)
(0.5992423871508481 0.1737580593553847 0)
(0.1242156875240644 0.3021182772358647 0)
(0.1472323903307272 0.2661946164217492 0)
(0.3141742404616867 0.7765873636891855 0)
(0.3378954967438791 0.8061374569523498 0)
(0.302884522023861 0.7345541941155824 0)
(0.2002976371554945 0.9473120051996615 0)
(0.1675015088618485 0.9673827663061669 0)
(0.9343407629132867 0.1430723008804063 0)
(0.9707708995593242 0.1226407619921075 0)
(0.9701185399832765 0.162142078949953 0)
(0.8864374007261494 0.1952042136581627 0)
(0.9145356241315525 0.1798072765150985 0)
(0.1295717501085025 0.7535104270200427 0)
(0.670629261892465 0.4635144420131717 0)
(0.6478890860127285 0.4881881533584697 0)
(0.6485440856524548 0.5232303984445484 0)
(0.4297623519888999 0.0942078300051019 0)
(0.3834920978588129 0.1111294542499306 0)
(0.6994793617003028 0.5934332626953055 0)
(0.04029121423315159 0.03998628815322742 0)
(0.5236118023997185 0.1730030641703362 0)
(0.7357703637590665 0.3641304065955622 0)
(0.9530521088014492 0.2365319091117817 0)
(0.9519031056333316 0.19296229215186 0)
(0.725236483764788 0.1354645129320134 0)
(0.6902977808222603 0.1375680344946368 0)
(0.5003789559169085 0.38432767871186 0)
(0.4488486228554614 0.3897001061394299 0)
(0.8495577305401596 0.5978318833537789 0)
(0.8199172300363189 0.6292131760959137 0)
(0.7073156704608345 0.1750104098868802 0)
(0.75419965525899 0.1582402774183586 0)
(0.7010106432553688 0.2914799034253139 0)
(0.7314640893263438 0.274438116515567 0)
(0.4162327190693919 0.3513869657436701 0)
(0.8258363561087797 0.2273283504066082 0)
(0.6402892766563854 0.6481770872842424 0)
(0.6601798480609031 0.6137047084551068 0)
(0.5545967041368774 0.8311252973079369 0)
(0.5571830474370257 0.8670707686939169 0)
(0.5533413528265276 0.7874233679989818 0)
(0.5134133878173841 0.8102344107936038 0)
(0.1396402670099411 0.5013154363635678 0)
(0.2957626860251747 0.8096307321719264 0)
(0.3662725746016637 0.8388781831377211 0)
(0.3498114897223993 0.7214482905175733 0)
(0.403523981816338 0.831060477507446 0)
(0.7441562004991983 0.9273213856964404 0)
(0.2566366352096316 0.3843571673367639 0)
(0.2897890230971717 0.3104875160888736 0)
(0.2017558840450575 0.05205086244444596 0)
(0.04915774842165097 0.2952629801172282 0)
(0.029427501238757 0.2661965312807594 0)
(0.7908147290296359 0.1430610032572042 0)
(0.463803291883168 0.6074517843424972 0)
(0.2481058773350827 0.1727774083087485 0)
(0.1440069467480005 0.2341925885521187 0)
(0.4745282700139845 0.7858120357584479 0)
(0.7430484227047511 0.3139204541687801 0)
(0.205735269549566 0.1706033866924972 0)
(0.4960100234485862 0.4840331842754241 0)
(0.07984899827516934 0.6539985838502623 0)
(0.7697583292865806 0.8928089121986903 0)
(0.3190032949472476 0.8492839987844742 0)
(0.2573692742113649 0.7089506120231163 0)
(0.04051087089529987 0.1825018731318102 0)
(0.7464696228209609 0.4268019806913285 0)
(0.9634802497774142 0.8253984085589956 0)
(0.5696941410855813 0.9643134548876372 0)
(0.03669638431018564 0.3291723535268354 0)
(0.02206052623348952 0.120020359154085 0)
(0.9694113159652755 0.9643916306024174 0)
(0.9080371664233081 0.9678031122251783 0)
(0.9772385146172479 0.2192338202804462 0)
(0.9649549356697898 0.4116514312072339 0)
(0.560135497666667 0.03431526151395803 0)
(0.03515415521099716 0.2262199391768176 0)
(0.774664247318868 0.03415263911561991 0)
(0.9764364990865771 0.5266539288680736 0)
(0.5250902144909557 0.02649775549178491 0)
(0.03341878391218492 0.4768788225735872 0)
(0.7335958615584945 0.9692004071992231 0)
(0.2242161111453417 0.02471838705928425 0)
(0.9706730948501971 0.3731266528207137 0)
(0.02389404080753994 0.97600960991795 0)
(0.03155602903958753 0.822880906898092 0)
(0 0 0.04423583447791851)
(0.05 0 0.04423583447791851)
(0.1 0 0.04423583447791851)
(0.15 0 0.04423583447791851)
(0.2 0 0.04423583447791851)
(0.25 0 0.04423583447791851)
(0.3 0 0.04423583447791851)
(0.35 0 0.04423583447791851)
(0.4 0 0.04423583447791851)
(0.45 0 0.04423583447791851)
(0.5 0 0.04423583447791851)
(0.55 0 0.04423583447791851)
(0.6000000000000001 0 0.04423583447791851)
(0.65 0 0.04423583447791851)
(0.7000000000000001 0 0.04423583447791851)
(0.75 0 0.04423583447791851)
(0.8 0 0.04423583447791851)
(0.8500000000000001 0 0.04423583447791851)
(0.9 0 0.04423583447791851)
(0.9500000000000001 0 0.04423583447791851)
(1 0 0.04423583447791851)
(1 0.04999999999999993 0.04423583447791851)
(1 0.09999999999999998 0.04423583447791851)
(1 0.1499999999999999 0.04423583447791851)
(1 0.2 0.04423583447791851)
(1 0.25 0.04423583447791851)
(1 0.2999999999999999 0.04423583447791851)
(1 0.35 0.04423583447791851)
(1 0.3999999999999999 0.04423583447791851)
(1 0.45 0.04423583447791851)
(1 0.5 0.04423583447791851)
(1 0.55 0.04423583447791851)
(1 0.6 0.04423583447791851)
(1 0.6499999999999999 0.04423583447791851)
(1 0.7 0.04423583447791851)
(1 0.75 0.04423583447791851)
(1 0.8 0.04423583447791851)
(1 0.85 0.04423583447791851)
(1 0.9 0.04423583447791851)
(1 0.95 0.04423583447791851)
(1 1 0.04423583447791851)
(0.95 1 0.04423583447791851)
(0.9 1 0.04423583447791851)
(0.85 1 0.04423583447791851)
(0.8 1 0.04423583447791851)
(0.75 1 0.04423583447791851)
(0.7 1 0.04423583447791851)
(0.6499999999999999 1 0.04423583447791851)
(0.6 1 0.04423583447791851)
(0.55 1 0.04423583447791851)
(0.5 1 0.04423583447791851)
(0.45 1 0.04423583447791851)
(0.3999999999999999 1 0.04423583447791851)
(0.35 1 0.04423583447791851)
(0.2999999999999999 1 0.04423583447791851)
(0.25 1 0.04423583447791851)
(0.2 1 0.04423583447791851)
(0.1499999999999999 1 0.04423583447791851)
(0.09999999999999998 1 0.04423583447791851)
(0.04999999999999993 1 0.04423583447791851)
(0 1 0.04423583447791851)
(0 0.95 0.04423583447791851)
(0 0.9 0.04423583447791851)
(0 0.85 0.04423583447791851)
(0 0.8 0.04423583447791851)
(0 0.75 0.04423583447791851)
(0 0.7 0.04423583447791851)
(0 0.6499999999999999 0.04423583447791851)
(0 0.6 0.04423583447791851)
(0 0.55 0.04423583447791851)
(0 0.5 0.04423583447791851)
(0 0.45 0.04423583447791851)
(0 0.3999999999999999 0.04423583447791851)
(0 0.35 0.04423583447791851)
(0 0.2999999999999999 0.04423583447791851)
(0 0.25 0.04423583447791851)
(0 0.2 0.04423583447791851)
(0 0.1499999999999999 0.04423583447791851)
(0 0.09999999999999998 0.04423583447791851)
(0 0.04999999999999993 0.04423583447791851)
(0.1231695903667685 0.04034919666276446 0.04423583447791851)
(0.08100019065395132 0.06645374273075394 0.04423583447791851)
(0.07889219905077428 0.02935784550934916 0.04423583447791851)
(0.6087798589113312 0.5749369540013178 0.04423583447791851)
(0.5804311043553754 0.5620645471872189 0.04423583447791851)
(0.6076384669727227 0.5348676245221764 0.04423583447791851)
(0.6482901719569463 0.5696449669926237 0.04423583447791851)
(0.8189261110994785 0.7535653406311532 0.04423583447791851)
(0.7899926457175163 0.7250539797856149 0.04423583447791851)
(0.8269246080967595 0.7106229952932966 0.04423583447791851)
(0.864356790628093 0.7035511066027118 0.04423583447791851)
(0.8572064305600455 0.7420952091198612 0.04423583447791851)
(0.2159652631677152 0.5225903853878304 0.04423583447791851)
(0.1840499874778644 0.4923192096267207 0.04423583447791851)
(0.2203710905517267 0.4860499849736362 0.04423583447791851)
(0.2034233781149791 0.4524857166286326 0.04423583447791851)
(0.4650951579335603 0.6506927514935503 0.04423583447791851)
(0.5007106743800498 0.626359752452272 0.04423583447791851)
(0.5038212423654392 0.6695824623619598 0.04423583447791851)
(0.3616509045645859 0.5122506728679215 0.04423583447791851)
(0.3224652799063704 0.4836752415296208 0.04423583447791851)
(0.3592641120799849 0.4639155151026094 0.04423583447791851)
(0.3447503375926479 0.5513160651999316 0.04423583447791851)
(0.3130952389257925 0.5269059244498936 0.04423583447791851)
(0.1192238827069208 0.08412710377508847 0.04423583447791851)
(0.6308146665040245 0.8259356523642041 0.04423583447791851)
(0.6378179118410633 0.8618634505821838 0.04423583447791851)
(0.595540666488403 0.8549412164592542 0.04423583447791851)
(0.665913148841815 0.885303783240233 0.04423583447791851)
(0.6203481286900563 0.8998983941783846 0.04423583447791851)
(0.3039474900133597 0.6543774214926154 0.04423583447791851)
(0.2626642243540896 0.6669871388018648 0.04423583447791851)
(0.2711042803909515 0.6268471678913661 0.04423583447791851)
(0.3308667144505982 0.6900557619496057 0.04423583447791851)
(0.292814053807141 0.6908825642470784 0.04423583447791851)
(0.8348444385248106 0.3025175553160407 0.04423583447791851)
(0.8652919597769601 0.3355600899743932 0.04423583447791851)
(0.8201382665833029 0.3456085485682381 0.04423583447791851)
(0.8451245800803513 0.2644651926239839 0.04423583447791851)
(0.8819646306062003 0.2897027108042308 0.04423583447791851)
(0.9280303196461296 0.6428978285883992 0.04423583447791851)
(0.9327916207917589 0.6922686390090333 0.04423583447791851)
(0.8891414046606185 0.670313805313547 0.04423583447791851)
(0.9638929004553125 0.6195523164471144 0.04423583447791851)
(0.9651550631726875 0.6680778084217401 0.04423583447791851)
(0.1888152209029308 0.6541211294455175 0.04423583447791851)
(0.1860351860905841 0.6918752454252801 0.04423583447791851)
(0.1462434707218767 0.6707841225035023 0.04423583447791851)
(0.2296527670329488 0.6392710648379898 0.04423583447791851)
(0.222233780903521 0.6830625072789811 0.04423583447791851)
(0.5843798470184118 0.4916907852752622 0.04423583447791851)
(0.6218451620485984 0.4984273200067819 0.04423583447791851)
(0.5646865974030181 0.4484462423994123 0.04423583447791851)
(0.6207743245866739 0.4541596384334529 0.04423583447791851)
(0.663279784097453 0.8043159424502234 0.04423583447791851)
(0.6750179506224393 0.8419838601764225 0.04423583447791851)
(0.6298231560859755 0.7846826725632485 0.04423583447791851)
(0.5919726960396583 0.7633862790791064 0.04423583447791851)
(0.633803401493741 0.7340694093232465 0.04423583447791851)
(0.3904036213537093 0.4828303958568242 0.04423583447791851)
(0.4100922998534799 0.5138642302983035 0.04423583447791851)
(0.3629080771054298 0.4181011086872878 0.04423583447791851)
(0.3977778948511471 0.4432006491662592 0.04423583447791851)
(0.6988967072373506 0.8718807488358897 0.04423583447791851)
(0.7334881788180315 0.8825126401806055 0.04423583447791851)
(0.7008131882944444 0.9076216776297927 0.04423583447791851)
(0.7224323037678916 0.8429036389131116 0.04423583447791851)
(0.761702094345867 0.5454227929673809 0.04423583447791851)
(0.8049504543436495 0.5284624261841668 0.04423583447791851)
(0.8021342657966768 0.5805280631507598 0.04423583447791851)
(0.7232434348046363 0.5135998265913266 0.04423583447791851)
(0.7718089187741763 0.4955802814940432 0.04423583447791851)
(0.8830289011088739 0.5227876534822611 0.04423583447791851)
(0.9207940490392327 0.5462863189309155 0.04423583447791851)
(0.8846604694006113 0.5718570222025867 0.04423583447791851)
(0.8757186122591233 0.4770079535005628 0.04423583447791851)
(0.9211608387659227 0.4942458601691266 0.04423583447791851)
(0.5788942616758352 0.9236198024881127 0.04423583447791851)
(0.621961345051572 0.9546932112995277 0.04423583447791851)
(0.6621983896648413 0.9277471008623968 0.04423583447791851)
(0.7002265047054294 0.9509644069631917 0.04423583447791851)
(0.1849800963434763 0.4098691221932431 0.04423583447791851)
(0.1512217473688939 0.4167031871207857 0.04423583447791851)
(0.1443449835622637 0.3824048703597778 0.04423583447791851)
(0.1553363568799911 0.4529924022918734 0.04423583447791851)
(0.1169773006909055 0.4217966119761998 0.04423583447791851)
(0.8421070240261762 0.9237250288608847 0.04423583447791851)
(0.8887933719067651 0.9296885327764973 0.04423583447791851)
(0.8674490398303851 0.9631633197917679 0.04423583447791851)
(0.9195216315219518 0.8938963731558578 0.04423583447791851)
(0.9339434203793903 0.9461637085576264 0.04423583447791851)
(0.1586779484103237 0.209878826630834 0.04423583447791851)
(0.1865213555215405 0.2009826621534448 0.04423583447791851)
(0.1849887583010236 0.2441352959975019 0.04423583447791851)
(0.1588797342175905 0.1689287420040561 0.04423583447791851)
(0.4778831190419821 0.7373255635802148 0.04423583447791851)
(0.4420782060453684 0.7617144121122723 0.04423583447791851)
(0.4243212044379332 0.7206755246059403 0.04423583447791851)
(0.4309043189889993 0.8030739450928922 0.04423583447791851)
(0.402310400904801 0.7631124905146082 0.04423583447791851)
(0.2260413293486325 0.1324560219719595 0.04423583447791851)
(0.2588498556882888 0.111439337765879 0.04423583447791851)
(0.2665736422454426 0.1410564647869066 0.04423583447791851)
(0.1843168919594851 0.1370853107380477 0.04423583447791851)
(0.1899490358873929 0.09907257560880459 0.04423583447791851)
(0.5070791245033046 0.5246290670472301 0.04423583447791851)
(0.4723882195124653 0.5459401853460322 0.04423583447791851)
(0.4581801027937058 0.5078332126290419 0.04423583447791851)
(0.5296784073385397 0.5513489446483268 0.04423583447791851)
(0.5029080617334855 0.5772935820590459 0.04423583447791851)
(0.3460157193636536 0.1876996017896903 0.04423583447791851)
(0.3495251974785278 0.2261874754488596 0.04423583447791851)
(0.3130469041777948 0.21839616567079 0.04423583447791851)
(0.3705085617737652 0.2620943187608966 0.04423583447791851)
(0.3295803970168422 0.2509257892023449 0.04423583447791851)
(0.246493901010142 0.5040971223019566 0.04423583447791851)
(0.2506354518917533 0.4611595590103064 0.04423583447791851)
(0.3564857497172081 0.0692930000760606 0.04423583447791851)
(0.3735097570028707 0.03337948288939788 0.04423583447791851)
(0.3996250526850201 0.06454618580052193 0.04423583447791851)
(0.3501586496638643 0.6440980240139288 0.04423583447791851)
(0.3487075048748478 0.5912290248989599 0.04423583447791851)
(0.3883503863845702 0.6089837638664874 0.04423583447791851)
(0.07183882793443247 0.409050997365046 0.04423583447791851)
(0.04877015697067326 0.4419759366407969 0.04423583447791851)
(0.02899887030741235 0.4032178783680292 0.04423583447791851)
(0.0983883780156827 0.3764239443466232 0.04423583447791851)
(0.7665668208090891 0.2714982759235938 0.04423583447791851)
(0.8079867829100492 0.267505895479085 0.04423583447791851)
(0.7913892501094801 0.3089161440528163 0.04423583447791851)
(0.7420322752831489 0.2395598386521288 0.04423583447791851)
(0.7817871700073709 0.2313764597480838 0.04423583447791851)
(0.4060049231151062 0.4001459048175176 0.04423583447791851)
(0.4362577312591714 0.4316632350292393 0.04423583447791851)
(0.5620815045505281 0.06785785629988876 0.04423583447791851)
(0.541531504143532 0.0973005331883314 0.04423583447791851)
(0.5284461318415332 0.05959824084977081 0.04423583447791851)
(0.5940813993375502 0.05365828016735968 0.04423583447791851)
(0.5841873857442879 0.09630115400380211 0.04423583447791851)
(0.3811255426747316 0.7995012106809671 0.04423583447791851)
(0.3527482819638609 0.7616808618058198 0.04423583447791851)
(0.04186341282712439 0.8683239591782497 0.04423583447791851)
(0.0715058761297107 0.8937127484116345 0.04423583447791851)
(0.03806705917125883 0.9169530315966999 0.04423583447791851)
(0.6889102102493865 0.6484447188686701 0.04423583447791851)
(0.6977396858618875 0.6896108556610049 0.04423583447791851)
(0.6577078491038593 0.6895269754852366 0.04423583447791851)
(0.7260808488403157 0.7179728254204606 0.04423583447791851)
(0.6842752898680469 0.7271811932656468 0.04423583447791851)
(0.5575189016258112 0.5307310353661625 0.04423583447791851)
(0.6668772478843685 0.9666809438250232 0.04423583447791851)
(0.8041959497218157 0.3903799739316024 0.04423583447791851)
(0.8520853644269876 0.3839130508892423 0.04423583447791851)
(0.7625845290191374 0.3965894109867418 0.04423583447791851)
(0.7757507691248773 0.3524461348611599 0.04423583447791851)
(0.3691036405456022 0.9673545459768207 0.04423583447791851)
(0.3828184556249984 0.9354959493899604 0.04423583447791851)
(0.4207038202681826 0.958431607039395 0.04423583447791851)
(0.7642338592816954 0.8550740851412297 0.04423583447791851)
(0.7858552032095967 0.8377443494281951 0.04423583447791851)
(0.8117492910370899 0.8745938223069142 0.04423583447791851)
(0.7595781651674447 0.8012721843476664 0.04423583447791851)
(0.9262928295121325 0.05625621089490871 0.04423583447791851)
(0.9454398666618308 0.09185727586587562 0.04423583447791851)
(0.9055495043314309 0.102592980393731 0.04423583447791851)
(0.8398236274836502 0.6704268942649116 0.04423583447791851)
(0.7913012125651876 0.6709800615078063 0.04423583447791851)
(0.9659893332472715 0.4915753609174251 0.04423583447791851)
(0.9488731288253848 0.5259695246968724 0.04423583447791851)
(0.4713028448982193 0.1666373607112288 0.04423583447791851)
(0.4253103242606951 0.1805215766866046 0.04423583447791851)
(0.4271470540398041 0.1395045136608331 0.04423583447791851)
(0.3917932077709197 0.2129657537941466 0.04423583447791851)
(0.3863748444598589 0.1628532151861984 0.04423583447791851)
(0.1648793848131288 0.5808843054374168 0.04423583447791851)
(0.1989334160638107 0.6107491331383149 0.04423583447791851)
(0.156184581421532 0.6247600587189401 0.04423583447791851)
(0.1724521421822978 0.536533039385279 0.04423583447791851)
(0.2098904060820893 0.5660625134130907 0.04423583447791851)
(0.3878898236488708 0.5599339905207118 0.04423583447791851)
(0.9607052558002914 0.7790444552300331 0.04423583447791851)
(0.9251818514237613 0.7628833472119405 0.04423583447791851)
(0.9494506220178462 0.7358210623463305 0.04423583447791851)
(0.8903979983929726 0.7731560177653324 0.04423583447791851)
(0.9009658080764623 0.7255213001912519 0.04423583447791851)
(0.3113303347438168 0.6127804258120393 0.04423583447791851)
(0.3097654972153167 0.57026187998066 0.04423583447791851)
(0.4356885092940677 0.5480827448375889 0.04423583447791851)
(0.4256311352245447 0.5875921148739035 0.04423583447791851)
(0.4599494747313393 0.5733327353575413 0.04423583447791851)
(0.4139561884456667 0.02914409106130834 0.04423583447791851)
(0.4405441710966624 0.05012325652133225 0.04423583447791851)
(0.5815258369965871 0.3430069725767353 0.04423583447791851)
(0.6070084680808282 0.3765584428300625 0.04423583447791851)
(0.5731271305025255 0.3779677499917177 0.04423583447791851)
(0.646218231525198 0.3791169655768117 0.04423583447791851)
(0.6249147929084512 0.4085860143882031 0.04423583447791851)
(0.4662827256994501 0.6938916747868316 0.04423583447791851)
(0.5048530324021047 0.7038364265548256 0.04423583447791851)
(0.8577542138676284 0.6381395448712113 0.04423583447791851)
(0.8901481208268044 0.618951532035328 0.04423583447791851)
(0.06332475798478948 0.2570292501310321 0.04423583447791851)
(0.108131967276506 0.249743158934824 0.04423583447791851)
(0.08518778428534018 0.2869386221153022 0.04423583447791851)
(0.8096719464882551 0.8220996278459098 0.04423583447791851)
(0.8040178470472269 0.7864077132914341 0.04423583447791851)
(0.8459552503560978 0.7909441825924748 0.04423583447791851)
(0.05371456833323973 0.3675888563806678 0.04423583447791851)
(0.3256186118641603 0.8949799469977403 0.04423583447791851)
(0.356138258439429 0.8711551729256054 0.04423583447791851)
(0.3708837091194596 0.9035975229816487 0.04423583447791851)
(0.5790211395117768 0.2402388039067302 0.04423583447791851)
(0.5811448274765144 0.2066957212265817 0.04423583447791851)
(0.6231286438940261 0.217444053437725 0.04423583447791851)
(0.5750033948928606 0.2733173696208511 0.04423583447791851)
(0.5414919025188495 0.257896996710476 0.04423583447791851)
(0.5437184425350857 0.6911606691944642 0.04423583447791851)
(0.5214076664652336 0.7288470936221915 0.04423583447791851)
(0.5158915524942354 0.7652696221869023 0.04423583447791851)
(0.9761132505376181 0.08163312087306494 0.04423583447791851)
(0.9663282879754302 0.04627390695741732 0.04423583447791851)
(0.04184894817781838 0.5783880723849272 0.04423583447791851)
(0.06682105611541003 0.618799368072345 0.04423583447791851)
(0.03113891644417296 0.6179016483127378 0.04423583447791851)
(0.4256505418995747 0.6729131332640222 0.04423583447791851)
(0.392693602649663 0.6492994328705239 0.04423583447791851)
(0.4275480763152569 0.6288797284728953 0.04423583447791851)
(0.2823623521590564 0.4187731050063406 0.04423583447791851)
(0.3246512898812404 0.4380207965525579 0.04423583447791851)
(0.2923632370677884 0.4600592583923456 0.04423583447791851)
(0.1287301676717169 0.9662748393239703 0.04423583447791851)
(0.1116840717419136 0.9376254020226114 0.04423583447791851)
(0.1539510905812804 0.9281886210767465 0.04423583447791851)
(0.07815984843914729 0.9283868443424206 0.04423583447791851)
(0.08533637633485343 0.9659594223539668 0.04423583447791851)
(0.11224287568257 0.8993172830159522 0.04423583447791851)
(0.6170820685859383 0.6844110693343523 0.04423583447791851)
(0.5828914017299371 0.6768789601948784 0.04423583447791851)
(0.6005407015301819 0.6421315587730316 0.04423583447791851)
(0.5315531866878151 0.6480705281892239 0.04423583447791851)
(0.5382149551113832 0.6117111115383883 0.04423583447791851)
(0.7613643416638984 0.7055255326288179 0.04423583447791851)
(0.7361570172397377 0.670968333708355 0.04423583447791851)
(0.6341336051655719 0.03946391105786749 0.04423583447791851)
(0.670220610391201 0.03084707398170055 0.04423583447791851)
(0.6654354825869991 0.06998717779455901 0.04423583447791851)
(0.587259781001525 0.7156824249454782 0.04423583447791851)
(0.6722218453612551 0.7690635522510543 0.04423583447791851)
(0.3828175051531919 0.7310965426589205 0.04423583447791851)
(0.3797404250204846 0.6898540920579382 0.04423583447791851)
(0.4604766931267374 0.9287155661540389 0.04423583447791851)
(0.4977547459907899 0.9516826068549812 0.04423583447791851)
(0.4658740828087683 0.9686026360064763 0.04423583447791851)
(0.4157427316697679 0.9123813618953812 0.04423583447791851)
(0.866328953680609 0.03303274552160838 0.04423583447791851)
(0.8390282724188391 0.06951606161581231 0.04423583447791851)
(0.8194542791610182 0.03544347586814226 0.04423583447791851)
(0.8844391320348005 0.0668252828068604 0.04423583447791851)
(0.5639431139494996 0.6434524059383195 0.04423583447791851)
(0.6239302197414944 0.6088235064346925 0.04423583447791851)
(0.5819451556933161 0.6026920335377268 0.04423583447791851)
(0.8508759221120746 0.8416355151087743 0.04423583447791851)
(0.281172672893561 0.4971441409595972 0.04423583447791851)
(0.4690513037607396 0.4602662068639496 0.04423583447791851)
(0.4735572214541349 0.4212053156357078 0.04423583447791851)
(0.5132494934783933 0.4400693514340603 0.04423583447791851)
(0.4286050129595159 0.4737247802780196 0.04423583447791851)
(0.785594053893192 0.7627314299246767 0.04423583447791851)
(0.7558455469865815 0.7468985187279391 0.04423583447791851)
(0.9607628609325457 0.2784823828893174 0.04423583447791851)
(0.9252684698035605 0.2969141833674074 0.04423583447791851)
(0.9183932119399701 0.2596472552658977 0.04423583447791851)
(0.7033789614803878 0.8046983147968559 0.04423583447791851)
(0.7178727431633296 0.7629904830182405 0.04423583447791851)
(0.4532141316394673 0.3005093831060773 0.04423583447791851)
(0.4395154991429402 0.2683732978971669 0.04423583447791851)
(0.4737989057150152 0.2668018857221534 0.04423583447791851)
(0.4122021495642055 0.2532491618112137 0.04423583447791851)
(0.4504906294150837 0.2231962511652619 0.04423583447791851)
(0.4706118715342912 0.8322251191869751 0.04423583447791851)
(0.4330772253208605 0.8443729903388157 0.04423583447791851)
(0.5130784366117708 0.861923962377379 0.04423583447791851)
(0.4563079548448965 0.8794303275622156 0.04423583447791851)
(0.6767798592362118 0.2144165164229364 0.04423583447791851)
(0.7155892141799238 0.2151043193855349 0.04423583447791851)
(0.7026817343608702 0.2492357856628099 0.04423583447791851)
(0.7497114470977003 0.2009615434441738 0.04423583447791851)
(0.9175022083561981 0.2175863774549036 0.04423583447791851)
(0.8749906922519165 0.2352714511139548 0.04423583447791851)
(0.08093850504673987 0.7410005791751826 0.04423583447791851)
(0.03785086174056955 0.725811234300797 0.04423583447791851)
(0.07092321080453941 0.6926621868954139 0.04423583447791851)
(0.09558618738478268 0.7861464116802892 0.04423583447791851)
(0.04331045698700205 0.7777539718282418 0.04423583447791851)
(0.7581852648005761 0.6377013225173598 0.04423583447791851)
(0.785190659266878 0.6226563350706661 0.04423583447791851)
(0.7265279112266778 0.6288928614248379 0.04423583447791851)
(0.749907702143386 0.5939166693345 0.04423583447791851)
(0.2619829285595195 0.5469677400734605 0.04423583447791851)
(0.2781309979915727 0.5903089684496865 0.04423583447791851)
(0.2420801632620538 0.5951191911782574 0.04423583447791851)
(0.3414499364215258 0.1419682511717598 0.04423583447791851)
(0.04564461920955429 0.6539074775196794 0.04423583447791851)
(0.03005656454092928 0.6838827888237949 0.04423583447791851)
(0.1045112965134396 0.6723869417517412 0.04423583447791851)
(0.1163065387831366 0.7086131062053279 0.04423583447791851)
(0.1108411765241218 0.6304361537588248 0.04423583447791851)
(0.2873937707422303 0.2608910507492819 0.04423583447791851)
(0.327427550911893 0.2870599353818964 0.04423583447791851)
(0.2229829010642612 0.2089804024724479 0.04423583447791851)
(0.2378597430292111 0.2508028344315058 0.04423583447791851)
(0.2691076681199809 0.2139180982935631 0.04423583447791851)
(0.3392874878372688 0.1022638628062792 0.04423583447791851)
(0.3128702071026241 0.07363233314340203 0.04423583447791851)
(0.2995232401724774 0.1176858075819553 0.04423583447791851)
(0.9295636866192741 0.4160127304281049 0.04423583447791851)
(0.8951995806018729 0.4028102383517724 0.04423583447791851)
(0.9313542166936248 0.3749206801504498 0.04423583447791851)
(0.9494655328057441 0.452582851770478 0.04423583447791851)
(0.9069197566788654 0.4464738235454886 0.04423583447791851)
(0.5482295382241329 0.5723983670537418 0.04423583447791851)
(0.2723154689220617 0.08020927400634395 0.04423583447791851)
(0.2840847642266459 0.03768892787404327 0.04423583447791851)
(0.2315321450236921 0.0871075678159314 0.04423583447791851)
(0.2451085605363093 0.04682268579269105 0.04423583447791851)
(0.04626227360143288 0.9566799085455199 0.04423583447791851)
(0.5793988882233738 0.8890751459501208 0.04423583447791851)
(0.7973446973959338 0.1864779555740566 0.04423583447791851)
(0.8319541676954916 0.1483074074745056 0.04423583447791851)
(0.8494174017401906 0.1898886777077309 0.04423583447791851)
(0.328270843117825 0.03464529307739685 0.04423583447791851)
(0.1529781120415178 0.8377784720989843 0.04423583447791851)
(0.1253383899453001 0.8618767671416379 0.04423583447791851)
(0.1119633280834006 0.8264784894590355 0.04423583447791851)
(0.08856768942667463 0.8622739655617105 0.04423583447791851)
(0.8579874092360478 0.1078375038532533 0.04423583447791851)
(0.8112891184867975 0.1067720137800351 0.04423583447791851)
(0.8828888958248785 0.1523871943546983 0.04423583447791851)
(0.111696142926977 0.4671902325886988 0.04423583447791851)
(0.08353711927604446 0.4427469551578188 0.04423583447791851)
(0.2361424017766596 0.9662125773395072 0.04423583447791851)
(0.246232175237062 0.920848522835781 0.04423583447791851)
(0.2827348603786557 0.9588396916166478 0.04423583447791851)
(0.2363998396336762 0.8738959012019191 0.04423583447791851)
(0.2811315056606896 0.8823399342689587 0.04423583447791851)
(0.6282133908616648 0.3382204591566477 0.04423583447791851)
(0.5945959771577569 0.3019752119087409 0.04423583447791851)
(0.1419485667336313 0.7946993913878903 0.04423583447791851)
(0.465264632444304 0.3408442538574624 0.04423583447791851)
(0.4358792326769141 0.3235539811986608 0.04423583447791851)
(0.4087028497183187 0.2996161874385969 0.04423583447791851)
(0.5540181156791327 0.7429350517488366 0.04423583447791851)
(0.5472129675568238 0.4051571995833676 0.04423583447791851)
(0.5897657708835568 0.4121284446532678 0.04423583447791851)
(0.5423284792841785 0.3578045787135035 0.04423583447791851)
(0.7446198410478275 0.06696106198145152 0.04423583447791851)
(0.7038777299659246 0.0497758876617436 0.04423583447791851)
(0.7343490235537496 0.02905139676183036 0.04423583447791851)
(0.7587032802273154 0.1106620705066476 0.04423583447791851)
(0.7074527895674315 0.09721659474815826 0.04423583447791851)
(0.9093838078389962 0.3306655966753253 0.04423583447791851)
(0.8916056468988005 0.3650906338808821 0.04423583447791851)
(0.9570563218875716 0.3290611527458854 0.04423583447791851)
(0.2568567595328373 0.3419759764514109 0.04423583447791851)
(0.2925880726561041 0.3403366688421737 0.04423583447791851)
(0.2904977381886561 0.370164913892004 0.04423583447791851)
(0.2072222567398202 0.3280117821289459 0.04423583447791851)
(0.2482639115530552 0.29579126814957 0.04423583447791851)
(0.3635687704891025 0.3034339165665607 0.04423583447791851)
(0.3788196524691075 0.3338848251534574 0.04423583447791851)
(0.3312293923301206 0.3385098358363917 0.04423583447791851)
(0.9250144091139212 0.5945716188697855 0.04423583447791851)
(0.08190808441671567 0.168270629241117 0.04423583447791851)
(0.1190679207269377 0.1548968233188326 0.04423583447791851)
(0.1199259520978286 0.2006955571190346 0.04423583447791851)
(0.1434158115844828 0.1190854179943211 0.04423583447791851)
(0.8662169110713456 0.4307680713581797 0.04423583447791851)
(0.8297575775760411 0.4210029264542956 0.04423583447791851)
(0.835016525442468 0.4596676308173572 0.04423583447791851)
(0.7907322369934939 0.07124355744432725 0.04423583447791851)
(0.5362954534452185 0.9356263567007627 0.04423583447791851)
(0.531013786340862 0.9719413588374201 0.04423583447791851)
(0.5002503364746953 0.9077945789695443 0.04423583447791851)
(0.9257135723444286 0.8449970845326785 0.04423583447791851)
(0.8906419105726471 0.8565251138394855 0.04423583447791851)
(0.8869598383587411 0.8173281542135337 0.04423583447791851)
(0.8666586190841672 0.8874656209975601 0.04423583447791851)
(0.4856379034859979 0.04182465954492672 0.04423583447791851)
(0.5001868021605455 0.08821316087389042 0.04423583447791851)
(0.5375252693892042 0.4850333558650998 0.04423583447791851)
(0.2981944536826132 0.1696500756351165 0.04423583447791851)
(0.2210989415748823 0.3740577668896064 0.04423583447791851)
(0.1832788695764069 0.3655955465075347 0.04423583447791851)
(0.1223458273535647 0.3471628858404859 0.04423583447791851)
(0.1591208904217463 0.3362315221481498 0.04423583447791851)
(0.0502593875343329 0.5075006165013556 0.04423583447791851)
(0.06990879561753102 0.4755330068546289 0.04423583447791851)
(0.09439214644952727 0.5096711031666388 0.04423583447791851)
(0.0327292394328904 0.5345547014226583 0.04423583447791851)
(0.7951641167968879 0.9245426276682618 0.04423583447791851)
(0.8228277055017623 0.962896249624307 0.04423583447791851)
(0.7759150938430801 0.9643499411236612 0.04423583447791851)
(0.08110876021969013 0.3305394441575621 0.04423583447791851)
(0.7070946744411307 0.433616825407328 0.04423583447791851)
(0.692886537858594 0.3830485559516342 0.04423583447791851)
(0.7289611455797779 0.4008374359265189 0.04423583447791851)
(0.6608071694659994 0.4209665804474207 0.04423583447791851)
(0.1246747243016545 0.5492725734524014 0.04423583447791851)
(0.07109380432146625 0.5430906672530595 0.04423583447791851)
(0.07565917765787172 0.2127186270225187 0.04423583447791851)
(0.3355234559595118 0.9364182315434253 0.04423583447791851)
(0.2930764448652608 0.918282738116301 0.04423583447791851)
(0.3274507138215313 0.9729905486792462 0.04423583447791851)
(0.6239504028982469 0.08401149812864167 0.04423583447791851)
(0.6141654542233532 0.1299015924130929 0.04423583447791851)
(0.2702039312957364 0.8418665650370182 0.04423583447791851)
(0.6589091270856557 0.2633290511779947 0.04423583447791851)
(0.6107081453118002 0.2650233464009082 0.04423583447791851)
(0.6322354827936469 0.2961025714115806 0.04423583447791851)
(0.4675851434026017 0.1164641299147214 0.04423583447791851)
(0.4655255108270493 0.07883461256617591 0.04423583447791851)
(0.5115862965010919 0.1313873016710985 0.04423583447791851)
(0.8421079730245861 0.5038921579645468 0.04423583447791851)
(0.8081831323283569 0.4853947708916032 0.04423583447791851)
(0.9261188115827269 0.8001639132629312 0.04423583447791851)
(0.04711090683217691 0.1370839873005726 0.04423583447791851)
(0.04096241902493462 0.08837522247243668 0.04423583447791851)
(0.08978101524803764 0.1159036780910456 0.04423583447791851)
(0.3701091202065311 0.3719635016005657 0.04423583447791851)
(0.3271000972217161 0.3915401899805386 0.04423583447791851)
(0.9620192413958812 0.8740417494229505 0.04423583447791851)
(0.9634310139893568 0.9203123694081612 0.04423583447791851)
(0.5433005417247034 0.8982882213748934 0.04423583447791851)
(0.7405788945906504 0.4646263767524074 0.04423583447791851)
(0.7893923144135699 0.4426893582771981 0.04423583447791851)
(0.7043146367165047 0.4754903251160208 0.04423583447791851)
(0.1869702521554246 0.8102436609952006 0.04423583447791851)
(0.1768979488892933 0.7653527971514227 0.04423583447791851)
(0.1939022956574669 0.8555644842047943 0.04423583447791851)
(0.1560619017307087 0.8806608618629804 0.04423583447791851)
(0.6530547654359597 0.1663754789866738 0.04423583447791851)
(0.6584291948822879 0.113773175919458 0.04423583447791851)
(0.9700974784071377 0.7105715488103292 0.04423583447791851)
(0.400918389176152 0.8685987140133742 0.04423583447791851)
(0.2251113051830745 0.7798583503874236 0.04423583447791851)
(0.254233891029697 0.7452881178864922 0.04423583447791851)
(0.2744916521582935 0.7751957957282555 0.04423583447791851)
(0.2279367611509147 0.8291644142565155 0.04423583447791851)
(0.257473590277167 0.8059373778807408 0.04423583447791851)
(0.5438815760925684 0.3055153928597398 0.04423583447791851)
(0.5092776793595448 0.3381214127065452 0.04423583447791851)
(0.4930635725663333 0.3039048004020283 0.04423583447791851)
(0.5100016689011744 0.2733719565413912 0.04423583447791851)
(0.5019625570594071 0.2401384076638737 0.04423583447791851)
(0.4957399624684553 0.2030621629011846 0.04423583447791851)
(0.7242639538448092 0.5595001040824236 0.04423583447791851)
(0.6868461643194188 0.5444861149516725 0.04423583447791851)
(0.680026917853642 0.5020941548158706 0.04423583447791851)
(0.2109871368369073 0.2821481245550143 0.04423583447791851)
(0.172840073860715 0.2938120894247571 0.04423583447791851)
(0.5919056061399004 0.8087935222014532 0.04423583447791851)
(0.09115962093078897 0.5843701216336897 0.04423583447791851)
(0.1290680829115005 0.5947017770542549 0.04423583447791851)
(0.1600202008834597 0.7201120926605117 0.04423583447791851)
(0.2113127015718911 0.7278816371780833 0.04423583447791851)
(0.06849225389194197 0.8239345461637534 0.04423583447791851)
(0.1979586464761169 0.9012395436397672 0.04423583447791851)
(0.233688778801584 0.4166523713946581 0.04423583447791851)
(0.8441427227116155 0.5513571592867079 0.04423583447791851)
(0.9624194545938055 0.5678091755479695 0.04423583447791851)
(0.6650098092911317 0.3121207916876541 0.04423583447791851)
(0.667575057016307 0.3489769095311143 0.04423583447791851)
(0.7021151547341471 0.3346158554232735 0.04423583447791851)
(0.5390810786553099 0.2148000496702702 0.04423583447791851)
(0.9060001860693025 0.02998781934556796 0.04423583447791851)
(0.1567522114243545 0.07132247539705031 0.04423583447791851)
(0.1671990864069452 0.031704191087807 0.04423583447791851)
(0.5612597278120288 0.1816860246366972 0.04423583447791851)
(0.5627009040632059 0.1404454854315378 0.04423583447791851)
(0.5992423871508481 0.1737580593553847 0.04423583447791851)
(0.1242156875240644 0.3021182772358647 0.04423583447791851)
(0.1472323903307272 0.2661946164217492 0.04423583447791851)
(0.3141742404616867 0.7765873636891855 0.04423583447791851)
(0.3378954967438791 0.8061374569523498 0.04423583447791851)
(0.302884522023861 0.7345541941155824 0.04423583447791851)
(0.2002976371554945 0.9473120051996615 0.04423583447791851)
(0.1675015088618485 0.9673827663061669 0.04423583447791851)
(0.9343407629132867 0.1430723008804063 0.04423583447791851)
(0.9707708995593242 0.1226407619921075 0.04423583447791851)
(0.9701185399832765 0.162142078949953 0.04423583447791851)
(0.8864374007261494 0.1952042136581627 0.04423583447791851)
(0.9145356241315525 0.1798072765150985 0.04423583447791851)
(0.1295717501085025 0.7535104270200427 0.04423583447791851)
(0.670629261892465 0.4635144420131717 0.04423583447791851)
(0.6478890860127285 0.4881881533584697 0.04423583447791851)
(0.6485440856524548 0.5232303984445484 0.04423583447791851)
(0.4297623519888999 0.0942078300051019 0.04423583447791851)
(0.3834920978588129 0.1111294542499306 0.04423583447791851)
(0.6994793617003028 0.5934332626953055 0.04423583447791851)
(0.04029121423315159 0.03998628815322742 0.04423583447791851)
(0.5236118023997185 0.1730030641703362 0.04423583447791851)
(0.7357703637590665 0.3641304065955622 0.04423583447791851)
(0.9530521088014492 0.2365319091117817 0.04423583447791851)
(0.9519031056333316 0.19296229215186 0.04423583447791851)
(0.725236483764788 0.1354645129320134 0.04423583447791851)
(0.6902977808222603 0.1375680344946368 0.04423583447791851)
(0.5003789559169085 0.38432767871186 0.04423583447791851)
(0.4488486228554614 0.3897001061394299 0.04423583447791851)
(0.8495577305401596 0.5978318833537789 0.04423583447791851)
(0.8199172300363189 0.6292131760959137 0.04423583447791851)
(0.7073156704608345 0.1750104098868802 0.04423583447791851)
(0.75419965525899 0.1582402774183586 0.04423583447791851)
(0.7010106432553688 0.2914799034253139 0.04423583447791851)
(0.7314640893263438 0.274438116515567 0.04423583447791851)
(0.4162327190693919 0.3513869657436701 0.04423583447791851)
(0.8258363561087797 0.2273283504066082 0.04423583447791851)
(0.6402892766563854 0.6481770872842424 0.04423583447791851)
(0.6601798480609031 0.6137047084551068 0.04423583447791851)
(0.5545967041368774 0.8311252973079369 0.04423583447791851)
(0.5571830474370257 0.8670707686939169 0.04423583447791851)
(0.5533413528265276 0.7874233679989818 0.04423583447791851)
(0.5134133878173841 0.8102344107936038 0.04423583447791851)
(0.1396402670099411 0.5013154363635678 0.04423583447791851)
(0.2957626860251747 0.8096307321719264 0.04423583447791851)
(0.3662725746016637 0.8388781831377211 0.04423583447791851)
(0.3498114897223993 0.7214482905175733 0.04423583447791851)
(0.403523981816338 0.831060477507446 0.04423583447791851)
(0.7441562004991983 0.9273213856964404 0.04423583447791851)
(0.2566366352096316 0.3843571673367639 0.04423583447791851)
(0.2897890230971717 0.3104875160888736 0.04423583447791851)
(0.2017558840450575 0.05205086244444596 0.04423583447791851)
(0.04915774842165097 0.2952629801172282 0.04423583447791851)
(0.029427501238757 0.2661965312807594 0.04423583447791851)
(0.7908147290296359 0.1430610032572042 0.04423583447791851)
(0.463803291883168 0.6074517843424972 0.04423583447791851)
(0.2481058773350827 0.1727774083087485 0.04423583447791851)
(0.1440069467480005 0.2341925885521187 0.04423583447791851)
(0.4745282700139845 0.7858120357584479 0.04423583447791851)
(0.7430484227047511 0.3139204541687801 0.04423583447791851)
(0.205735269549566 0.1706033866924972 0.04423583447791851)
(0.4960100234485862 0.4840331842754241 0.04423583447791851)
(0.07984899827516934 0.6539985838502623 0.04423583447791851)
(0.7697583292865806 0.8928089121986903 0.04423583447791851)
(0.3190032949472476 0.8492839987844742 0.04423583447791851)
(0.2573692742113649 0.7089506120231163 0.04423583447791851)
(0.04051087089529987 0.1825018731318102 0.04423583447791851)
(0.7464696228209609 0.4268019806913285 0.04423583447791851)
(0.9634802497774142 0.8253984085589956 0.04423583447791851)
(0.5696941410855813 0.9643134548876372 0.04423583447791851)
(0.03669638431018564 0.3291723535268354 0.04423583447791851)
(0.02206052623348952 0.120020359154085 0.04423583447791851)
(0.9694113159652755 0.9643916306024174 0.04423583447791851)
(0.9080371664233081 0.9678031122251783 0.04423583447791851)
(0.9772385146172479 0.2192338202804462 0.04423583447791851)
(0.9649549356697898 0.4116514312072339 0.04423583447791851)
(0.560135497666667 0.03431526151395803 0.04423583447791851)
(0.03515415521099716 0.2262199391768176 0.04423583447791851)
(0.774664247318868 0.03415263911561991 0.04423583447791851)
(0.9764364990865771 0.5266539288680736 0.04423583447791851)
(0.5250902144909557 0.02649775549178491 0.04423583447791851)
(0.03341878391218492 0.4768788225735872 0.04423583447791851)
(0.7335958615584945 0.9692004071992231 0.04423583447791851)
(0.2242161111453417 0.02471838705928425 0.04423583447791851)
(0.9706730948501971 0.3731266528207137 0.04423583447791851)
(0.02389404080753994 0.97600960991795 0.04423583447791851)
(0.03155602903958753 0.822880906898092 0.04423583447791851)
)
